4400.00000000001  1.134893289903580E-15
4403.17460322381  1.127575192694638E-15
4406.34920644761  1.123242742451600E-15
****************  1.115826671073133E-15
****************  1.108798946473089E-15
4415.87301611901  1.101503854018096E-15
4419.04761934281  1.096344009289425E-15
4422.22222256661  1.094971170041195E-15
4425.39682579042  1.085882177965729E-15
4428.57142901422  1.074087679284869E-15
4431.74603223802  1.068521568685783E-15
****************  1.065613137427354E-15
4438.09523868562  1.060131403287021E-15
4441.26984190942  1.053075245587817E-15
4444.44444513322  1.044996945209471E-15
4447.61904835702  1.034890799983368E-15
4450.79365158082  1.024565875069467E-15
4453.96825480462  1.016629213776354E-15
4457.14285802842  1.010237830085823E-15
4460.31746125222  1.005286182741721E-15
****************  1.001108434054654E-15
4466.66666769982  9.962257219253388E-16
4469.84127092362  9.912307062926805E-16
4473.01587414743  9.837931987109117E-16
4476.19047737123  9.755787807426528E-16
4479.36508059503  9.711984821132919E-16
4482.53968381883  9.645546759813296E-16
4485.71428704263  9.557985878073992E-16
4488.88889026643  9.463956835060153E-16
4492.06349349023  9.409285301915010E-16
4495.23809671403  9.342359326832001E-16
4498.41269993783  9.307858306380014E-16
4501.58730316163  9.301487536156422E-16
4504.76190638543  9.245330907288261E-16
4507.93650960923  9.179066634004328E-16
4511.11111283303  9.122009490413905E-16
4514.28571605683  9.039098868902472E-16
4517.46031928063  8.994841888481220E-16
4520.63492250444  8.955165608736024E-16
4523.80952572824  8.865499409765948E-16
4526.98412895204  *****************E-16
4530.15873217584  8.782799643018224E-16
4533.33333539964  8.748966165911426E-16
4536.50793862344  8.701097003724635E-16
****************  8.649940106804365E-16
4542.85714507104  8.607837758852896E-16
4546.03174829484  8.560564717930891E-16
4549.20635151864  8.519394596729991E-16
4552.38095474244  8.487126429434221E-16
4555.55555796624  8.424878317209063E-16
4558.73016119004  8.348934845433973E-16
4561.90476441384  8.307634190057962E-16
4565.07936763764  8.253835632473524E-16
4568.25397086145  8.157869767957805E-16
4571.42857408524  8.102895210704479E-16
****************  8.088953087919410E-16
4577.77778053285  8.035444208915345E-16
4580.95238375665  7.988098450325019E-16
4584.12698698045  7.960647492315926E-16
4587.30159020425  7.929967705957823E-16
4590.47619342805  7.855107739688725E-16
4593.65079665185  7.750731026982117E-16
4596.82539987565  7.690488051094473E-16
4600.00000309945  7.666167678205457E-16
4603.17460632325  7.642881392260738E-16
4606.34920954705  7.596875606599812E-16
4609.52381277085  7.537476596461466E-16
4612.69841599465  7.480648334712331E-16
4615.87301921846  7.427786762165649E-16
4619.04762244225  7.392934137412055E-16
4622.22222566606  7.368710213163067E-16
4625.39682888986  7.***************E-16
4628.57143211366  7.303673795590190E-16
4631.74603533746  7.258083989875957E-16
4634.92063856126  7.226115037903955E-16
4638.09524178506  7.193254400425280E-16
****************  7.158208060571640E-16
4644.44444823266  7.134769129512684E-16
4647.61905145646  7.124392556661361E-16
****************  7.115963170193815E-16
4653.96825790406  7.102998366067390E-16
4657.14286112786  7.067511430853058E-16
4660.31746435167  7.045107864621358E-16
4663.49206757547  7.004304443687220E-16
4666.66667079927  6.956378632786418E-16
4669.84127402307  6.921874180637849E-16
4673.01587724687  6.899946142480257E-16
4676.19048047067  6.881660020090484E-16
4679.36508369447  6.852549233253779E-16
4682.53968691827  6.841110408926791E-16
****************  6.833769839975525E-16
4688.88889336587  6.807731004514174E-16
4692.06349658967  6.769100593251019E-16
4695.23809981347  6.734745011679066E-16
4698.41270303727  6.721835209072299E-16
4701.58730626107  6.712468479537429E-16
4704.76190948487  6.683369139473470E-16
4707.93651270868  6.655677512679663E-16
4711.11111593247  6.650510661967796E-16
4714.28571915628  6.630773818653636E-16
4717.46032238008  6.595610949324191E-16
4720.63492560388  6.572943702788935E-16
4723.80952882768  6.562570065634423E-16
4726.98413205148  6.567671006977903E-16
4730.15873527528  6.576240711154781E-16
4733.33333849908  6.567915672375479E-16
****************  6.553940468832354E-16
4739.68254494668  6.547364850840740E-16
4742.85714817048  6.551492048113311E-16
4746.03175139428  6.543032495882733E-16
4749.20635461808  6.503747884276799E-16
4752.38095784188  6.482299438527365E-16
4755.55556106568  6.472609234464964E-16
4758.73016428949  6.456623932310283E-16
4761.90476751329  6.449777549582575E-16
4765.07937073709  6.439849773763097E-16
4768.25397396089  6.422305573139680E-16
4771.42857718469  6.408698267599542E-16
4774.60318040849  6.407600643874216E-16
4777.77778363229  6.389371901980683E-16
****************  6.376365572140443E-16
4784.12699007989  6.374555379036333E-16
****************  6.357073336315370E-16
****************  6.340497284216153E-16
4793.65079975129  6.345040946393512E-16
4796.82540297509  6.340544371886627E-16
4800.00000619889  6.307981161592329E-16
4803.17460942269  *****************E-16
4806.3492126465  6.298649303509819E-16
4809.5238158703  6.291711763091588E-16
4812.6984190941  6.270933423904887E-16
***************  6.260863216817903E-16
4819.0476255417  6.255123288185311E-16
4822.2222287655  6.242007124391225E-16
4825.3968319893  6.212696645364701E-16
4828.5714352131  6.184886024154633E-16
4831.7460384369  6.160898993113196E-16
4834.9206416607  6.131734198236472E-16
4838.0952448845  6.099493329705003E-16
***************  6.054888928557915E-16
4844.4444513321  6.008010551205103E-16
4847.6190545559  5.975497833008471E-16
4850.79365777971  5.962410786437151E-16
4853.96826100351  5.985610885268045E-16
4857.14286422731  6.022471392881561E-16
4860.31746745111  6.030291448185910E-16
****************  6.014531953744266E-16
4866.66667389871  6.025920030884646E-16
4869.84127712251  6.048839409516610E-16
****************  6.039060910829262E-16
4876.19048357011  5.993305355153771E-16
4879.36508679391  5.930652106595432E-16
****************  5.883019375614581E-16
4885.71429324151  5.846697299396261E-16
4888.88889646531  5.821013246913122E-16
4892.06349968911  5.806100477924549E-16
4895.23810291291  5.822298372505480E-16
4898.41270613672  5.865586587464733E-16
4901.58730936052  5.887116215921923E-16
****************  5.885889678583856E-16
4907.93651580812  5.885892847730355E-16
****************  5.887963260867583E-16
4914.28572225572  5.893410287853892E-16
4917.46032547952  5.894722595999207E-16
4920.63492870332  5.872675316037523E-16
4923.80953192712  5.871867316948512E-16
4926.98413515092  5.858140033349279E-16
****************  5.827138128431052E-16
4933.33334159852  5.808659418592910E-16
4936.50794482232  5.804656122410154E-16
****************  5.814681407842705E-16
4942.85715126992  5.808502571358099E-16
4946.03175449372  5.783023373260824E-16
4949.20635771752  5.778209702036328E-16
4952.38096094133  5.767098799944220E-16
4955.55556416513  5.730472146428047E-16
4958.73016738893  5.701748272416273E-16
4961.90477061273  5.682545837719183E-16
4965.07937383653  5.663697452053213E-16
4968.25397706033  5.655322400285856E-16
4971.42858028413  5.640366786095967E-16
4974.60318350793  5.606336033841757E-16
4977.77778673173  5.598638557344378E-16
4980.95238995553  5.607176802974933E-16
4984.12699317933  5.596197567480447E-16
4987.30159640313  5.581335945818711E-16
4990.47619962693  5.562392338265803E-16
4993.65080285073  5.541518229308232E-16
4996.82540607453  5.520762924943064E-16
5000.00000929834  5.499555431665932E-16
5003.17461252214  5.485502248838126E-16
5006.34921574594  5.465624313323300E-16
5009.52381896974  5.440261600720043E-16
5012.69842219354  5.418088722081447E-16
5015.87302541734  5.406773556448230E-16
5019.04762864114  5.406599229215560E-16
5022.22223186494  5.395475580230044E-16
5025.39683508874  5.367781193311282E-16
5028.57143831254  5.354069757918868E-16
5031.74604153634  5.355708329150189E-16
5034.92064476014  5.360584745475013E-16
5038.09524798394  5.343009620713370E-16
5041.26985120774  5.308202535360830E-16
5044.44445443155  5.266773721519541E-16
5047.61905765535  5.229764002519740E-16
5050.79366087915  5.193559552553356E-16
5053.96826410295  *****************E-16
5057.14286732675  5.159886089956272E-16
5060.31747055055  5.149071880236329E-16
5063.49207377435  5.137208511978851E-16
5066.66667699815  5.132175505316654E-16
5069.84128022195  5.133465766084748E-16
5073.01588344575  5.121651849437619E-16
5076.19048666955  5.092433756670518E-16
5079.36508989335  5.069533636925678E-16
5082.53969311715  5.058720983006307E-16
5085.71429634096  5.033486310179384E-16
5088.88889956475  5.009037750439590E-16
5092.06350278855  *****************E-16
5095.23810601236  4.961626890810107E-16
5098.41270923616  4.942133186361975E-16
5101.58731245996  4.910929215450635E-16
5104.76191568376  4.875036837357794E-16
5107.93651890756  *****************E-16
5111.11112213136  4.847574431039768E-16
5114.28572535516  4.840823926958501E-16
5117.46032857896  4.815851783164954E-16
5120.63493180276  4.782784665536556E-16
5123.80953502656  4.753127571207171E-16
5126.98413825036  4.748013249281253E-16
5130.15874147416  *****************E-16
5133.33334469796  4.700179598391616E-16
5136.50794792177  4.664202055270262E-16
5139.68255114557  4.642795765379866E-16
5142.85715436936  4.627708426808596E-16
5146.03175759317  *****************E-16
5149.20636081697  4.597747481603927E-16
5152.38096404077  4.603245067829796E-16
5155.55556726457  4.600180494947089E-16
5158.73017048837  4.601725149352521E-16
5161.90477371217  4.597901809324099E-16
5165.07937693597  4.572944747927252E-16
5168.25398015977  4.555037426055884E-16
5171.42858338357  4.565765070273132E-16
5174.60318660737  4.564938971734945E-16
5177.77778983117  4.553398340384283E-16
5180.95239305498  4.545352328555686E-16
5184.12699627878  4.541588612603678E-16
5187.30159950258  4.550471772691234E-16
5190.47620272638  4.563069493603592E-16
5193.65080595018  4.546110458737674E-16
5196.82540917398  4.531572864999073E-16
5200.00001239778  4.543911622802234E-16
5203.17461562158  4.545382069423190E-16
5206.34921884538  4.529045031955104E-16
5209.52382206918  4.521148608430818E-16
5212.69842529298  4.529718285823232E-16
5215.87302851678  4.549210877647641E-16
5219.04763174058  4.560858994257227E-16
5222.22223496438  4.558869519980387E-16
5225.39683818818  4.569981977277680E-16
5228.57144141199  4.597403412132726E-16
5231.74604463579  4.601792956358542E-16
5234.92064785959  4.587946417122662E-16
5238.09525108339  4.583890745220370E-16
5241.26985430719  4.591843242916504E-16
5244.44445753099  4.609099266904387E-16
5247.61906075479  4.629150381453968E-16
5250.79366397859  4.636600900238244E-16
5253.96826720239  4.629337084673649E-16
5257.14287042619  *****************E-16
5260.31747364999  4.600782781712530E-16
5263.49207687379  4.600172763695271E-16
5266.66668009759  4.603043406188207E-16
5269.84128332139  4.606215049126623E-16
5273.01588654519  4.613316011846668E-16
5276.190489769  4.621404912055266E-16
5279.3650929928  4.614279699128226E-16
5282.5396962166  4.597766754488538E-16
5285.7142994404  4.602308998813361E-16
5288.8889026642  4.590365279725269E-16
5292.063505888  4.563892793921020E-16
5295.2381091118  4.530901993387582E-16
5298.4127123356  4.526912973280280E-16
5301.5873155594  4.532489762274017E-16
5304.7619187832  4.520754675066716E-16
5307.936522007  4.534551735648318E-16
5311.1111252308  4.589702323393874E-16
5314.2857284546  4.635000290543399E-16
5317.4603316784  4.646354831016628E-16
5320.6349349022  4.662251932734235E-16
5323.80953812601  4.676684034581102E-16
5326.9841413498  4.673436526855724E-16
5330.1587445736  4.668001619908725E-16
5333.33334779741  4.672492008236245E-16
5336.50795102121  4.686204911586390E-16
5339.68255424501  *****************E-16
5342.85715746881  4.694818104616461E-16
5346.03176069261  4.693594100468097E-16
5349.20636391641  4.692755080456601E-16
5352.38096714021  4.709402839716336E-16
5355.55557036401  4.727314132980574E-16
5358.73017358781  4.735724362897035E-16
5361.90477681161  4.744594775292979E-16
5365.07938003541  *****************E-16
5368.25398325921  4.754564953444654E-16
5371.42858648301  4.769069055297147E-16
5374.60318970682  *****************E-16
5377.77779293062  4.765208681949616E-16
5380.95239615442  *****************E-16
5384.12699937822  4.748431025042755E-16
5387.30160260202  *****************E-16
5390.47620582582  4.722839303843659E-16
5393.65080904962  4.734159064992768E-16
5396.82541227342  4.739214226225509E-16
5400.00001549722  *****************E-16
5403.17461872102  4.723615011478069E-16
5406.34922194482  4.739476086400300E-16
5409.52382516862  4.752657882291381E-16
5412.69842839242  4.766203937764990E-16
5415.87303161622  4.778962055293785E-16
5419.04763484002  4.780574831321365E-16
5422.22223806382  4.773973210922068E-16
5425.39684128762  4.783789594857325E-16
5428.57144451143  4.792200020833515E-16
5431.74604773523  4.783052543309966E-16
5434.92065095903  4.781767398886327E-16
5438.09525418283  4.797946005905108E-16
5441.26985740663  4.807499604980057E-16
5444.44446063043  4.814144901028882E-16
5447.61906385423  4.807546969269456E-16
5450.79366707803  4.791872256200807E-16
5453.96827030183  4.778519105433448E-16
5457.14287352563  4.762609563356687E-16
5460.31747674943  4.770385487524936E-16
5463.49207997323  4.769643480168320E-16
5466.66668319704  4.760961792647106E-16
5469.84128642083  4.759303247622542E-16
5473.01588964463  4.747874771115618E-16
5476.19049286844  4.738263638501435E-16
5479.36509609224  4.730510725542723E-16
5482.53969931604  4.714055686414199E-16
5485.71430253984  *****************E-16
5488.88890576364  4.666186460856315E-16
5492.06350898744  4.654069079436506E-16
5495.23811221124  4.652481295920903E-16
5498.41271543504  4.644799193540901E-16
5501.58731865884  4.644317045484479E-16
5504.76192188264  4.649551274211044E-16
5507.93652510644  *****************E-16
5511.11112833024  4.627820301657357E-16
5514.28573155404  4.617101365003557E-16
5517.46033477784  4.608113041663036E-16
5520.63493800165  4.595862102804112E-16
5523.80954122545  4.575582478810823E-16
5526.98414444925  4.554786963036497E-16
5530.15874767305  4.534436776054129E-16
5533.33335089685  4.522283307709004E-16
5536.50795412065  4.506168704893388E-16
5539.68255734445  4.492493330457004E-16
5542.85716056825  4.493423045990130E-16
5546.03176379205  4.498570139267313E-16
5549.20636701585  4.497494240839190E-16
5552.38097023965  4.486629190019561E-16
5555.55557346345  4.467574760362434E-16
5558.73017668725  4.447860523642491E-16
5561.90477991105  4.443759425962929E-16
5565.07938313485  4.438893600673035E-16
5568.25398635865  4.428948863483197E-16
5571.42858958246  4.405815416943212E-16
5574.60319280626  4.356772136405596E-16
5577.77779603006  *****************E-16
5580.95239925386  4.326884930441005E-16
5584.12700247766  4.345700415141180E-16
5587.30160570146  4.336502583465095E-16
5590.47620892526  4.329492569055106E-16
5593.65081214906  *****************E-16
5596.82541537286  4.323305499907151E-16
5600.00001859666  4.308849245311739E-16
5603.17462182046  *****************E-16
5606.34922504426  4.301180823245033E-16
5609.52382826806  4.310343336607534E-16
5612.69843149187  *****************E-16
5615.87303471567  4.308851041291574E-16
5619.04763793947  4.303614416518622E-16
5622.22224116327  4.301290425842853E-16
5625.39684438707  4.275004257523280E-16
5628.57144761087  4.260738950730246E-16
5631.74605083467  4.259739071574392E-16
5634.92065405847  4.259077757787543E-16
5638.09525728227  4.254210404321426E-16
5641.26986050607  *****************E-16
5644.44446372987  4.246719499810040E-16
5647.61906695367  4.244347494054678E-16
5650.79367017747  4.220688259449565E-16
5653.96827340127  4.213064285152054E-16
5657.14287662507  4.220517439227428E-16
5660.31747984888  4.206638448270221E-16
5663.49208307268  4.189745990369558E-16
5666.66668629648  4.213317362842660E-16
5669.84128952028  4.240770395750639E-16
5673.01589274408  4.226604976157667E-16
5676.19049596788  4.210259203945466E-16
5679.36509919168  4.213551031910791E-16
5682.53970241548  *****************E-16
5685.71430563928  4.213801739471441E-16
5688.88890886308  4.217695195736514E-16
5692.06351208688  4.205018553005784E-16
5695.23811531068  4.186812332082406E-16
5698.41271853448  4.186560263734632E-16
5701.58732175828  4.188577069363578E-16
5704.76192498208  *****************E-16
5707.93652820588  4.144245292485394E-16
5711.11113142969  *****************E-16
5714.28573465349  *****************E-16
5717.46033787729  4.091900388330789E-16
5720.63494110109  4.071197781414671E-16
5723.80954432489  4.085057358367729E-16
5726.98414754869  4.091887694990891E-16
5730.15875077249  4.091887061411514E-16
5733.33335399629  4.106877260772469E-16
5736.50795722009  4.112231903034357E-16
5739.68256044389  4.102948115448643E-16
5742.85716366769  4.090453490980261E-16
5746.03176689149  4.069392838455394E-16
5749.20637011529  4.058663915389757E-16
5752.38097333909  4.059899062916484E-16
5755.55557656289  4.067034575494341E-16
5758.7301797867  4.077317124199045E-16
5761.9047830105  4.072283861902653E-16
5765.0793862343  4.056862214069568E-16
5768.2539894581  4.038867197921021E-16
5771.4285926819  4.033675745541605E-16
5774.6031959057  *****************E-16
5777.7777991295  4.016977322469895E-16
5780.9524023533  4.018607788976256E-16
5784.1270055771  4.013084037442731E-16
5787.3016088009  3.990807006704504E-16
5790.4762120247  3.982434247034633E-16
5793.6508152485  3.984808112992910E-16
5796.8254184723  3.985178951617930E-16
5800.0000216961  3.976445003713404E-16
5803.1746249199  3.968960959965985E-16
5806.34922814371  3.963545705181701E-16
5809.52383136751  3.976865818561843E-16
5812.69843459131  3.994142234845980E-16
5815.87303781511  3.982439133820792E-16
5819.04764103891  3.959268062914982E-16
5822.22224426271  3.935899972612743E-16
5825.39684748651  3.925819370718830E-16
5828.57145071031  3.937386598133707E-16
5831.74605393411  3.943071630632140E-16
5834.92065715791  3.941867863677602E-16
5838.09526038171  3.941688177406765E-16
5841.26986360551  3.947081063234099E-16
5844.44446682931  3.948191114899429E-16
5847.61907005311  3.937987562309156E-16
5850.79367327692  3.934183923074076E-16
5853.96827650072  3.933355999119509E-16
5857.14287972452  3.928078929797517E-16
5860.31748294832  3.922241696564555E-16
5863.49208617212  3.906780839057550E-16
5866.66668939592  3.904819679069813E-16
5869.84129261972  3.908412544487844E-16
5873.01589584352  3.898985465014438E-16
5876.19049906732  3.902800068932605E-16
5879.36510229112  3.901151571704067E-16
5882.53970551492  3.882768458025127E-16
5885.71430873872  3.862149362148357E-16
5888.88891196252  3.848411634137143E-16
5892.06351518632  3.843142217468177E-16
5895.23811841012  3.843538100966831E-16
5898.41272163392  3.874072074001544E-16
5901.58732485773  3.887096718488525E-16
5904.76192808153  3.900811545934132E-16
5907.93653130533  3.928123361601068E-16
5911.11113452913  3.929943792914667E-16
5914.28573775293  3.908335491722787E-16
5917.46034097673  3.900923437159847E-16
5920.63494420053  3.894620400447393E-16
5923.80954742433  3.883209183318603E-16
5926.98415064813  3.879150768545327E-16
5930.15875387193  3.886762202278302E-16
5933.33335709573  3.896068738650587E-16
5936.50796031953  3.875838983790602E-16
5939.68256354333  3.859119362183347E-16
5942.85716676713  3.850820545058244E-16
5946.03176999093  3.831186537796939E-16
5949.20637321473  3.811629864468244E-16
5952.38097643854  3.796800928522976E-16
5955.55557966234  3.783165111071096E-16
5958.73018288614  3.786569352454740E-16
5961.90478610994  3.787222908108585E-16
5965.07938933374  3.781623000542091E-16
5968.25399255754  3.769153797404498E-16
5971.42859578134  3.753015675685912E-16
5974.60319900514  3.743207171426110E-16
5977.77780222894  3.736727901563361E-16
5980.95240545274  3.726383122239332E-16
5984.12700867654  3.716462841287093E-16
5987.30161190034  3.698473586496123E-16
5990.47621512414  3.675377793897594E-16
5993.65081834794  3.671950726381650E-16
5996.82542157174  3.679500367751945E-16
6000.00002479555  3.674015811015504E-16
6003.17462801935  3.679696905395308E-16
6006.34923124315  3.699864924688176E-16
6009.52383446695  3.699373453123450E-16
6012.69843769075  3.683576411038056E-16
6015.87304091455  3.676514809302290E-16
6019.04764413835  3.672580107570217E-16
6022.22224736215  3.669882582742079E-16
6025.39685058595  3.675457700509730E-16
6028.57145380975  3.673632483530065E-16
6031.74605703355  3.674418659328023E-16
6034.92066025735  3.681342084981926E-16
6038.09526348115  3.683095445622159E-16
6041.26986670495  3.669036631240751E-16
6044.44446992875  3.646702295796364E-16
6047.61907315256  3.627113984069941E-16
6050.79367637636  3.616937562148939E-16
6053.96827960016  3.608581462391818E-16
6057.14288282396  3.592829775607789E-16
6060.31748604776  3.582306232339009E-16
6063.49208927156  3.585677136436516E-16
6066.66669249536  3.600121892472924E-16
6069.84129571916  3.612826384372888E-16
6073.01589894296  3.610815636222872E-16
6076.19050216676  3.599397303558680E-16
6079.36510539056  3.591111955654070E-16
6082.53970861436  3.583820515711830E-16
6085.71431183816  3.594837386228866E-16
6088.88891506197  3.610856825419246E-16
6092.06351828576  3.599451222550722E-16
6095.23812150957  3.578874552398075E-16
6098.41272473337  3.569496357370061E-16
6101.58732795717  3.566537582734301E-16
6104.76193118097  3.561929547539081E-16
6107.93653440477  3.556188726043445E-16
6111.11113762857  3.544422768889956E-16
6114.28574085237  3.531018578036550E-16
6117.46034407617  3.512946449318526E-16
6120.63494729997  3.501516066322963E-16
6123.80955052377  3.497074030067319E-16
6126.98415374757  3.485855243565649E-16
6130.15875697137  3.468540987923646E-16
6133.33336019517  3.451135835196239E-16
6136.50796341897  3.432098111210299E-16
6139.68256664278  3.416170557661386E-16
6142.85716986658  3.405440827281523E-16
6146.03177309038  3.400544782174519E-16
6149.20637631418  3.395959215932022E-16
6152.38097953798  3.385126657686387E-16
6155.55558276178  3.368294107827568E-16
6158.73018598558  3.359364790272013E-16
6161.90478920938  3.342176839305388E-16
6165.07939243318  3.330775681293653E-16
6168.25399565698  3.325089526899527E-16
6171.42859888078  3.316131907673031E-16
6174.60320210458  3.309196311044966E-16
6177.77780532838  3.293981927087448E-16
6180.95240855218  3.277826385766944E-16
6184.12701177598  3.281819002990484E-16
6187.30161499978  3.279000001249987E-16
6190.47621822358  3.265243844960958E-16
6193.65082144739  3.269203977652336E-16
6196.82542467119  3.269440012051160E-16
6200.00002789499  3.264547960716952E-16
6203.17463111879  3.250832633610551E-16
6206.34923434259  3.229769841771068E-16
6209.52383756639  3.234694902326830E-16
6212.69844079019  3.235620348670011E-16
6215.87304401399  3.221760494350884E-16
6219.04764723779  3.231736114747509E-16
6222.22225046159  3.239220113384468E-16
6225.39685368539  3.232427422555081E-16
6228.57145690919  3.224854652829693E-16
6231.74606013299  3.211383170485186E-16
6234.9206633568  3.193991958749592E-16
6238.0952665806  3.194022748680104E-16
6241.2698698044  3.185293443037022E-16
6244.4444730282  3.162973885548741E-16
6247.619076252  3.148504115525266E-16
6250.7936794758  3.140802207795927E-16
6253.9682826996  3.137401810187202E-16
6257.1428859234  3.135473024589913E-16
6260.3174891472  3.119685210229988E-16
6263.492092371  3.109537318458415E-16
6266.6666955948  3.118201964519667E-16
6269.8412988186  3.123791640770351E-16
6273.0159020424  3.110964879065009E-16
6276.1905052662  3.087963657626037E-16
6279.36510849  3.067442075094348E-16
6282.53971171381  3.060943550251628E-16
6285.71431493761  3.063819507021817E-16
6288.88891816141  3.073967889089292E-16
6292.06352138521  3.071853828935538E-16
6295.23812460901  3.047937727287442E-16
6298.41272783281  3.036602964666834E-16
6301.58733105661  3.043949928103550E-16
6304.76193428041  3.036616476988236E-16
6307.93653750421  3.016534476866605E-16
6311.11114072801  3.010146862342187E-16
6314.28574395181  3.012866076561304E-16
6317.46034717561  3.010601428189121E-16
6320.63495039941  3.012261177546690E-16
6323.80955362321  3.018349364686676E-16
6326.98415684701  3.006729934725768E-16
6330.15876007081  2.993313410117050E-16
6333.33336329462  2.984234507897695E-16
6336.50796651842  2.982066747627251E-16
6339.68256974222  2.989355837803108E-16
6342.85717296602  2.987213606956300E-16
6346.03177618982  2.972286934724922E-16
6349.20637941362  2.976509864656864E-16
6352.38098263742  2.983360351682817E-16
6355.55558586122  2.965256163441283E-16
6358.73018908502  2.942581565640746E-16
6361.90479230882  2.916878765530091E-16
6365.07939553262  2.890732673792593E-16
6368.25399875642  2.874915307474305E-16
6371.42860198022  2.879109478734837E-16
6374.60320520402  2.880978889341953E-16
6377.77780842783  2.880376538041651E-16
6380.95241165163  2.879914384691053E-16
6384.12701487543  2.876961512345597E-16
6387.30161809923  2.886503812848489E-16
6390.47622132303  2.913801715491100E-16
6393.65082454683  2.934234573086783E-16
6396.82542777063  2.934614664945351E-16
6400.00003099443  2.938078521704572E-16
6403.17463421823  2.941993163168731E-16
6406.34923744203  2.938249497831553E-16
6409.52384066583  2.923772461328597E-16
6412.69844388963  2.905146103051756E-16
6415.87304711343  2.906401023458846E-16
6419.04765033723  2.912766794156001E-16
6422.22225356103  2.917570835688857E-16
6425.39685678483  2.923147258279917E-16
6428.57146000864  2.915097276404994E-16
6431.74606323244  2.906312392192912E-16
6434.92066645624  2.895860786672841E-16
6438.09526968004  2.898179893621350E-16
6441.26987290384  2.899910142391724E-16
6444.44447612764  2.900666424673349E-16
6447.61907935144  2.907688227764006E-16
6450.79368257524  2.916020264324137E-16
6453.96828579904  2.920134471432826E-16
6457.14288902284  2.919736685706585E-16
6460.31749224664  2.917189150891280E-16
6463.49209547044  2.909041649882429E-16
6466.66669869424  2.898119831591982E-16
6469.84130191804  2.901657795809454E-16
6473.01590514184  2.901214858007938E-16
6476.19050836564  2.886190645898669E-16
6479.36511158945  2.871504394272896E-16
6482.53971481325  2.855415303715330E-16
6485.71431803705  2.837839206756361E-16
6488.88892126085  2.831914864416491E-16
6492.06352448465  2.840875647008535E-16
6495.23812770845  2.860544801036013E-16
6498.41273093225  2.871169869313961E-16
6501.58733415605  2.878670176184927E-16
6504.76193737985  2.884483028291171E-16
6507.93654060365  2.887605110280531E-16
6511.11114382745  2.890832840539236E-16
6514.28574705125  2.893252898285322E-16
6517.46035027505  2.893863822391606E-16
6520.63495349885  2.892243617565767E-16
6523.80955672266  2.887988680210108E-16
6526.98415994646  2.879046709069514E-16
6530.15876317026  2.870040437779535E-16
6533.33336639406  2.873534216672937E-16
6536.50796961786  2.877925465479807E-16
6539.68257284166  2.882314646206246E-16
6542.85717606546  2.889732777294403E-16
6546.03177928926  2.884644844001008E-16
6549.20638251306  2.867742001599852E-16
6552.38098573686  2.849696688301444E-16
6555.55558896066  2.816549846242022E-16
6558.73019218446  2.793330163840341E-16
6561.90479540826  2.786397344877208E-16
6565.07939863206  2.783431318039359E-16
6568.25400185586  2.784277792242789E-16
6571.42860507967  2.792570579725243E-16
6574.60320830347  2.795987892888717E-16
6577.77781152727  2.796316200326477E-16
6580.95241475107  2.796318561928064E-16
6584.12701797487  2.789358129953213E-16
6587.30162119867  2.783417754922091E-16
6590.47622442247  2.792574414342310E-16
6593.65082764627  2.802111740271705E-16
6596.82543087007  2.785891825826726E-16
6600.00003409387  2.775965263890716E-16
6603.17463731767  2.767408206323667E-16
6606.34924054147  2.749308204357983E-16
6609.52384376527  2.729444348703077E-16
6612.69844698907  2.715541492514668E-16
6615.87305021288  2.712742844730243E-16
6619.04765343668  2.715569784431210E-16
6622.22225666048  2.722678171566561E-16
6625.39685988428  2.729543461941558E-16
6628.57146310808  2.727286485082005E-16
6631.74606633188  2.712002987498877E-16
6634.92066955568  2.694127396454021E-16
6638.09527277948  2.684310788149499E-16
6641.26987600328  2.676860549407096E-16
6644.44447922708  2.669452712468768E-16
6647.61908245088  2.659057355038157E-16
6650.79368567468  2.652136248335858E-16
6653.96828889848  2.640138520999602E-16
6657.14289212228  2.627069869657016E-16
6660.31749534608  2.625933411855685E-16
6663.49209856988  2.633990926861373E-16
6666.66670179369  2.636714595164175E-16
6669.84130501749  2.639682205668966E-16
6673.01590824129  2.642888806004918E-16
6676.19051146509  2.634224040688443E-16
6679.36511468889  2.628757572022812E-16
6682.53971791269  2.621562734449039E-16
6685.71432113649  2.610850665350786E-16
6688.88892436029  2.602623593295738E-16
6692.06352758409  2.593863272336804E-16
6695.23813080789  2.584594830975008E-16
6698.41273403169  2.578573671870878E-16
6701.58733725549  2.586931794365218E-16
6704.76194047929  2.591239994856632E-16
6707.93654370309  2.574083261067864E-16
6711.11114692689  2.557061383513206E-16
6714.2857501507  2.549651738304787E-16
6717.4603533745  2.546177673687668E-16
6720.6349565983  2.545063956247910E-16
6723.8095598221  2.548879616983384E-16
6726.9841630459  2.545288553485552E-16
6730.1587662697  2.529533967709271E-16
6733.3333694935  2.521444132644736E-16
6736.5079727173  2.510341694206128E-16
6739.6825759411  2.503360778269553E-16
6742.8571791649  2.498174226323295E-16
6746.0317823887  2.489424856633761E-16
6749.2063856125  2.489726034687174E-16
6752.3809888363  2.488303943189184E-16
6755.5555920601  2.475789589824012E-16
6758.7301952839  2.469239950870998E-16
6761.90479850771  2.470142616026503E-16
6765.07940173151  2.461342703598501E-16
6768.25400495531  2.459983213947625E-16
6771.42860817911  2.467957818754222E-16
6774.60321140291  2.461059162824760E-16
6777.77781462671  2.450408884217082E-16
6780.95241785051  2.446406957375369E-16
6784.12702107431  2.441084454332970E-16
6787.30162429811  2.433566054769267E-16
6790.47622752191  2.431263888891082E-16
6793.65083074571  2.432000581695511E-16
6796.82543396951  2.441508192140358E-16
6800.00003719331  2.436594677579049E-16
6803.17464041711  2.428006671414382E-16
6806.34924364091  2.423234183002592E-16
6809.52384686472  2.419246581756118E-16
6812.69845008852  2.412558566624593E-16
6815.87305331232  2.419386380324833E-16
6819.04765653612  2.425105999141070E-16
6822.22225975992  2.414469983212214E-16
6825.39686298372  2.410077174810417E-16
6828.57146620752  2.417567046068221E-16
6831.74606943132  2.421932421567214E-16
6834.92067265512  2.421619215645138E-16
6838.09527587892  2.428142799547856E-16
6841.26987910272  2.434802307103972E-16
6844.44448232652  2.430315992990752E-16
6847.61908555032  2.418383200879717E-16
6850.79368877412  2.416177665123626E-16
6853.96829199793  2.427527155856650E-16
6857.14289522173  2.445121647311215E-16
6860.31749844553  2.449225287128314E-16
6863.49210166933  2.428777938474298E-16
6866.66670489313  2.385426893669375E-16
6869.84130811693  2.360187925591301E-16
6873.01591134073  2.379305460817638E-16
6876.19051456453  2.395210480613794E-16
6879.36511778833  2.390956366117571E-16
6882.53972101213  2.393480931436083E-16
6885.71432423593  2.388777369244587E-16
6888.88892745973  2.373651591567172E-16
6892.06353068353  2.375598822826164E-16
6895.23813390733  2.381879086812555E-16
6898.41273713113  2.378887279903724E-16
6901.58734035493  2.371083374441983E-16
6904.76194357874  2.362976638845690E-16
6907.93654680254  2.363213189793270E-16
6911.11115002634  2.369452022590200E-16
6914.28575325014  2.371596221715971E-16
6917.46035647394  2.361103626866073E-16
6920.63495969774  2.348281008611015E-16
6923.80956292154  2.346977763886340E-16
6926.98416614534  2.353188298702505E-16
6930.15876936914  2.355588869638954E-16
6933.33337259294  2.352657371732170E-16
6936.50797581674  2.350813417827058E-16
6939.68257904054  2.351263375491497E-16
6942.85718226434  2.350391665990698E-16
6946.03178548814  2.333842482087482E-16
6949.20638871194  2.328303658939303E-16
6952.38099193575  2.337707635906788E-16
6955.55559515955  2.342070522370437E-16
6958.73019838335  2.334656496100405E-16
6961.90480160715  2.327215499160751E-16
6965.07940483095  2.318447949505284E-16
6968.25400805475  2.314359801125446E-16
6971.42861127855  2.317990696391799E-16
6974.60321450235  2.320439316621541E-16
6977.77781772615  2.314932417257133E-16
6980.95242094995  2.306323200791906E-16
6984.12702417375  2.310295194334455E-16
6987.30162739755  2.319161793296672E-16
6990.47623062135  2.324551029924817E-16
6993.65083384515  2.327587447496006E-16
6996.82543706895  2.316938012541245E-16
7000.00004029276  2.305055819602725E-16
7003.17464351656  2.302208383967058E-16
7006.34924674036  2.301744892788324E-16
7009.52384996416  2.302809835490953E-16
7012.69845318796  2.306348404853658E-16
7015.87305641176  2.308856142019271E-16
7019.04765963556  2.305357082265540E-16
7022.22226285936  2.294329577697499E-16
7025.39686608316  2.287477576062522E-16
7028.57146930696  2.287746317158553E-16
7031.74607253076  2.287070388400686E-16
7034.92067575456  2.284745228339037E-16
7038.09527897836  2.280377932842952E-16
7041.26988220216  2.271715936207477E-16
7044.44448542596  2.279983076028529E-16
7047.61908864977  2.302862763277436E-16
7050.79369187357  2.307395220382784E-16
7053.96829509737  2.295593407497503E-16
7057.14289832117  2.293017732223645E-16
7060.31750154497  2.297052323730689E-16
7063.49210476877  2.300887860107190E-16
7066.66670799257  2.292518743189355E-16
7069.84131121637  2.285618969861093E-16
7073.01591444017  2.286859759325905E-16
7076.19051766397  2.279945625873039E-16
7079.36512088777  2.274186229502989E-16
7082.53972411157  2.278284454613273E-16
7085.71432733537  2.271418672876443E-16
7088.88893055917  2.253755500309113E-16
7092.06353378298  2.253132530921572E-16
7095.23813700677  2.263088551582349E-16
7098.41274023057  2.257842367964718E-16
7101.58734345437  2.256749980340245E-16
7104.76194667818  2.255841537836041E-16
7107.93654990198  2.245645797650626E-16
7111.11115312578  2.241904446100576E-16
7114.28575634958  2.240068316817534E-16
7117.46035957338  2.226334396159690E-16
7120.63496279718  2.218186362745313E-16
7123.80956602098  2.219594873127095E-16
7126.98416924478  2.213945380688975E-16
7130.15877246858  2.217401086402077E-16
7133.33337569238  2.235688157275803E-16
7136.50797891618  2.241007840504388E-16
7139.68258213998  2.238458418568636E-16
7142.85718536379  2.235152222308798E-16
7146.03178858759  2.232559232432005E-16
7149.20639181139  2.242429126376400E-16
7152.38099503519  2.241090002693428E-16
7155.55559825899  2.236643408776922E-16
7158.73020148279  2.239011486226966E-16
7161.90480470659  2.238176695557384E-16
7165.07940793039  2.250887902182470E-16
7168.25401115419  2.255424795855960E-16
7171.42861437799  2.265649230257590E-16
7174.60321760179  2.274797238482720E-16
7177.77782082559  2.276012196841330E-16
7180.95242404939  2.280642565926427E-16
7184.12702727319  2.278516646544510E-16
7187.30163049699  2.281615268325363E-16
7190.47623372079  2.273991295215387E-16
7193.65083694459  2.254485323564225E-16
7196.8254401684  2.252039307238606E-16
7200.0000433922  2.250641316098182E-16
7203.174646616  2.232098972206227E-16
7206.3492498398  2.210809330731055E-16
7209.5238530636  2.193801946648030E-16
7212.6984562874  2.184090365661996E-16
7215.8730595112  2.179000317444429E-16
7219.047662735  2.168867740098879E-16
7222.2222659588  2.160872872684031E-16
7225.3968691826  2.175134558400640E-16
7228.5714724064  2.195556872773197E-16
7231.7460756302  2.211525715292508E-16
7234.920678854  2.209716848336078E-16
7238.09528207781  2.197654316946527E-16
7241.26988530161  2.178096822373144E-16
7244.44448852541  2.149973287975676E-16
7247.61909174921  2.122710116851922E-16
7250.79369497301  2.100105931901578E-16
7253.96829819681  2.083993678347419E-16
7257.14290142061  2.068824453175842E-16
7260.31750464441  2.065210276475078E-16
7263.49210786821  2.085610262725893E-16
7266.66671109201  2.115626980228568E-16
7269.84131431581  2.136161958215303E-16
7273.01591753961  2.156417414311458E-16
7276.19052076341  2.166811854352567E-16
7279.36512398721  2.162478084854477E-16
7282.53972721101  2.156271457361763E-16
7285.71433043481  2.160317289721144E-16
7288.88893365862  2.164176395174503E-16
7292.06353688242  2.167007488575768E-16
7295.23814010622  2.166279372048257E-16
7298.41274333002  2.166747361571328E-16
7301.58734655382  2.166675653511632E-16
7304.76194977762  2.178027974960161E-16
7307.93655300142  2.188735270795643E-16
7311.11115622522  2.170628370594918E-16
7314.28575944902  2.148082117873945E-16
7317.46036267282  2.150785601288014E-16
7320.63496589662  2.164586682107997E-16
7323.80956912042  2.169571933346105E-16
7326.98417234422  2.160636688823558E-16
7330.15877556802  2.161037197775427E-16
7333.33337879182  2.169812026791603E-16
7336.50798201563  2.164597637846702E-16
7339.68258523943  2.156271270740514E-16
7342.85718846323  2.152464111347021E-16
7346.03179168703  2.158789946946368E-16
7349.20639491083  2.161224142209262E-16
7352.38099813463  2.157120753384027E-16
7355.55560135843  2.147806183267073E-16
7358.73020458223  2.143963422631480E-16
7361.90480780603  2.145534038831705E-16
7365.07941102983  2.135725666688794E-16
7368.25401425363  2.124734611854171E-16
7371.42861747743  2.130404656556761E-16
7374.60322070123  2.140509011256960E-16
7377.77782392503  2.137137387968264E-16
7380.95242714884  2.131541962303937E-16
7384.12703037264  2.135448275032842E-16
7387.30163359644  2.130015016924902E-16
7390.47623682024  2.120554013500117E-16
7393.65084004404  2.117772014329180E-16
7396.82544326784  2.115790662326775E-16
7400.00004649164  2.115544755750774E-16
7403.17464971544  2.104233524597041E-16
7406.34925293924  2.090582205626152E-16
7409.52385616304  2.095229191960281E-16
7412.69845938684  2.103765786732322E-16
7415.87306261064  2.104635530248596E-16
7419.04766583444  2.107257439061632E-16
7422.22226905824  2.113719038258376E-16
7425.39687228204  2.116900532369011E-16
7428.57147550584  2.121498675595387E-16
7431.74607872965  2.122929774048467E-16
7434.92068195345  2.131359345974786E-16
7438.09528517725  2.139963080886729E-16
7441.26988840105  2.143344626083043E-16
7444.44449162485  2.139810961225323E-16
7447.61909484865  2.131200351245693E-16
7450.79369807245  2.124675827758458E-16
7453.96830129625  2.124172147162566E-16
7457.14290452005  2.126526041538279E-16
7460.31750774385  2.122576197998159E-16
7463.49211096765  2.122277694444036E-16
7466.66671419145  2.115285757050589E-16
7469.84131741525  2.111706908685826E-16
7473.01592063906  2.117938298406091E-16
7476.19052386285  2.114050914970417E-16
7479.36512708665  2.112807036543716E-16
7482.53973031046  2.107198009405786E-16
7485.71433353426  2.102582857673788E-16
7488.88893675806  2.102527522016625E-16
7492.06353998186  2.097931285944219E-16
7495.23814320566  2.094865292149284E-16
7498.41274642946  2.097573634402783E-16
7501.58734965326  2.098650400245587E-16
7504.76195287706  2.104707169896490E-16
7507.93655610086  2.105481866403751E-16
7511.11115932466  2.108869895836338E-16
7514.28576254846  2.106115700859692E-16
7517.46036577226  2.096031961971994E-16
7520.63496899606  2.094118761212363E-16
7523.80957221987  2.098156093920642E-16
7526.98417544367  2.094380002267159E-16
7530.15877866747  2.088441082402032E-16
7533.33338189127  2.084006406193008E-16
7536.50798511507  2.077852434224432E-16
7539.68258833887  2.079950885139656E-16
7542.85719156267  2.080643639290214E-16
7546.03179478647  2.069021495515634E-16
7549.20639801027  2.063570164069685E-16
7552.38100123407  2.067357332818465E-16
7555.55560445787  2.065127846541312E-16
7558.73020768167  2.063979502206366E-16
7561.90481090547  2.070653554041878E-16
7565.07941412928  2.064416326194061E-16
7568.25401735308  2.050835050832893E-16
7571.42862057687  2.044654208686829E-16
7574.60322380067  2.049705577112157E-16
7577.77782702448  2.060767924527787E-16
7580.95243024828  2.074266568464235E-16
7584.12703347208  2.097094686335335E-16
7587.30163669588  2.123111488169823E-16
7590.47623991968  2.145239030739038E-16
7593.65084314348  2.135516514990731E-16
7596.82544636728  2.072907878364055E-16
7600.00004959108  1.999980047356091E-16
7603.17465281488  1.945848465916951E-16
7606.34925603868  1.944279523488893E-16
7609.52385926248  2.008471777063490E-16
7612.69846248628  2.101986364419398E-16
7615.87306571009  2.149662479435313E-16
7619.04766893389  2.139348227695758E-16
7622.22227215769  2.082326137251994E-16
7625.39687538149  2.024371109103507E-16
7628.57147860529  2.011107323623549E-16
7631.74608182909  2.035572233907308E-16
7634.92068505289  2.056195791938695E-16
7638.09528827669  2.057145654024844E-16
7641.26989150049  2.066501995048869E-16
7644.44449472429  2.067907629183094E-16
7647.61909794809  2.048644397111655E-16
7650.79370117189  2.044540341743475E-16
7653.96830439569  2.052163087174826E-16
7657.14290761949  2.027121625025616E-16
7660.31751084329  1.980055320962525E-16
7663.49211406709  1.983547567808259E-16
7666.66671729089  2.010299341880545E-16
7669.8413205147  2.012214711182356E-16
7673.0159237385  2.002151820176555E-16
7676.1905269623  1.994796566486798E-16
7679.3651301861  1.998019497410960E-16
7682.5397334099  1.994102637008598E-16
7685.7143366337  1.981815585242781E-16
7688.8889398575  1.980895718607423E-16
7692.0635430813  1.991681253156701E-16
7695.2381463051  1.991308592803564E-16
7698.4127495289  1.979124833535850E-16
7701.5873527527  1.976394225187152E-16
7704.7619559765  1.988891812210453E-16
7707.9365592003  1.994433496076013E-16
7711.1111624241  1.978587611393273E-16
7714.2857656479  1.975840571301110E-16
7717.4603688717  2.000893154464502E-16
7720.63497209551  2.004208738834837E-16
7723.80957531931  1.992822389614174E-16
7726.98417854311  2.003429251972877E-16
7730.15878176691  2.015621459758966E-16
7733.33338499071  2.013767093954808E-16
7736.50798821451  2.007505804188684E-16
7739.68259143831  2.017096150876982E-16
7742.85719466211  2.025704283980001E-16
7746.03179788591  2.008260416463374E-16
7749.20640110971  1.996241722169671E-16
7752.38100433351  1.992190553094327E-16
7755.55560755731  1.993127660024803E-16
7758.73021078111  1.992087951961516E-16
7761.90481400491  1.996371434891982E-16
7765.07941722872  1.992636057278299E-16
7768.25402045252  1.984339606384275E-16
7771.42862367632  1.996026943565355E-16
7774.60322690012  1.999349786622286E-16
7777.77783012392  1.997565541383397E-16
7780.95243334772  1.996721698588336E-16
7784.12703657152  2.000194677157670E-16
7787.30163979532  1.995899017240947E-16
7790.47624301912  1.985629967348131E-16
7793.65084624292  1.977978078148927E-16
7796.82544946672  1.985973285104470E-16
7800.00005269052  1.997113631167255E-16
7803.17465591432  1.988362783983278E-16
7806.34925913812  1.986523316045344E-16
7809.52386236192  1.989857749718986E-16
7812.69846558572  1.994518155061959E-16
7815.87306880953  1.994053782125786E-16
7819.04767203333  1.977865933604583E-16
7822.22227525713  1.975236813368857E-16
7825.39687848093  1.982044519956657E-16
7828.57148170473  1.965297923622274E-16
7831.74608492853  1.955902457525383E-16
7834.92068815233  1.960983128535960E-16
7838.09529137613  1.962532087611518E-16
7841.26989459993  1.961426351460833E-16
7844.44449782373  1.954531851665706E-16
7847.61910104753  1.949297047343754E-16
7850.79370427133  1.958579453207532E-16
7853.96830749513  1.971824633677492E-16
7857.14291071894  1.974066248399214E-16
7860.31751394274  1.977176216946472E-16
7863.49211716654  1.988568751582347E-16
7866.66672039034  1.975444478315134E-16
7869.84132361414  1.958063966853016E-16
7873.01592683794  1.957750390554360E-16
7876.19053006174  1.968330045686366E-16
7879.36513328554  1.969877925809785E-16
7882.53973650934  1.955377057050137E-16
7885.71433973314  1.955998224432251E-16
7888.88894295694  1.952120137489543E-16
7892.06354618074  1.933142660118175E-16
7895.23814940454  1.934232852790707E-16
7898.41275262834  1.938140834714886E-16
7901.58735585214  1.929508882386651E-16
7904.76195907594  1.924644554305052E-16
7907.93656229975  1.920807066003167E-16
7911.11116552355  1.914547705038464E-16
7914.28576874735  1.927749368729364E-16
7917.46037197115  1.939637580175246E-16
7920.63497519495  1.931628806409645E-16
7923.80957841875  1.926451309701906E-16
7926.98418164255  1.930841371742552E-16
7930.15878486635  1.924797034701423E-16
7933.33338809015  1.919281035449633E-16
7936.50799131395  1.927052815677562E-16
7939.68259453775  1.934794762565074E-16
7942.85719776155  1.938471710305288E-16
7946.03180098535  1.924363360744639E-16
7949.20640420915  1.918497164685798E-16
7952.38100743295  1.923126508555963E-16
7955.55561065675  1.927000195333553E-16
7958.73021388056  1.921041123706613E-16
7961.90481710436  1.908608226331116E-16
7965.07942032816  1.909100615062009E-16
7968.25402355196  1.911898008470023E-16
7971.42862677576  1.909021417350758E-16
7974.60322999956  1.902546480950597E-16
7977.77783322336  1.897295841366924E-16
7980.95243644716  1.895917811967177E-16
7984.12703967096  1.895659538032614E-16
7987.30164289476  1.882716397470730E-16
7990.47624611856  1.868748206155281E-16
7993.65084934236  1.858615236281741E-16
7996.82545256616  1.853139341841734E-16
8000.00005578996  1.854594452447672E-16
8003.17465901376  1.862966668134866E-16
8006.34926223757  1.870992378051123E-16
8009.52386546137  1.859423349899425E-16
8012.69846868517  1.844683631946002E-16
8015.87307190897  1.853945056352387E-16
8019.04767513277  1.872761250303724E-16
8022.22227835657  1.873384353841533E-16
8025.39688158037  1.857779101383776E-16
8028.57148480417  1.859903473545047E-16
8031.74608802797  1.880529770942884E-16
8034.92069125177  1.892060023668084E-16
8038.09529447557  1.886840754363189E-16
8041.26989769937  1.880189378142933E-16
8044.44450092317  1.887594874792468E-16
8047.61910414697  1.883220030390051E-16
8050.79370737077  1.866958942021414E-16
8053.96831059458  1.873220386421255E-16
8057.14291381838  1.886165585032675E-16
8060.31751704218  1.880058395456036E-16
8063.49212026598  1.868578376035365E-16
8066.66672348978  1.863979815420431E-16
8069.84132671358  1.886714681249055E-16
8073.01592993738  1.921072350133836E-16
8076.19053316118  1.928888616465996E-16
8079.36513638498  1.917559875977235E-16
8082.53973960878  1.911769259629279E-16
8085.71434283258  1.911065264004219E-16
8088.88894605638  1.913902477901912E-16
8092.06354928018  1.903456909221503E-16
8095.23815250399  1.885308072972940E-16
8098.41275572778  1.890555497035835E-16
8101.58735895159  1.902102991330232E-16
8104.76196217538  1.902507761826215E-16
8107.93656539919  1.914734927049019E-16
8111.11116862299  1.918356284969943E-16
8114.28577184679  1.904437524886390E-16
8117.46037507059  1.878217817702448E-16
8120.63497829439  1.855743768377164E-16
8123.80958151819  1.849563100039960E-16
8126.98418474199  1.839856717508732E-16
8130.15878796579  1.830462334862919E-16
8133.33339118959  1.831636085268959E-16
8136.50799441339  1.838737432175705E-16
8139.68259763719  1.840982912213544E-16
8142.85720086099  1.835191420832948E-16
8146.03180408479  1.828779253353810E-16
8149.2064073086  1.834514914641195E-16
8152.3810105324  1.846848484109200E-16
8155.5556137562  1.840168942606692E-16
8158.73021698  1.829968357760540E-16
8161.9048202038  1.825038028064841E-16
8165.0794234276  1.822672371895170E-16
8168.2540266514  1.824403419021362E-16
8171.4286298752  1.817150460328914E-16
8174.603233099  1.810872224282727E-16
8177.7778363228  1.804613889371749E-16
8180.9524395466  1.802804500267860E-16
8184.1270427704  1.802000676268517E-16
8187.3016459942  1.795949745910571E-16
8190.476249218  1.790468562247667E-16
8193.6508524418  1.790246303947975E-16
8196.82545566561  1.781097686131194E-16
8200.0000588894  1.765105182112872E-16
8203.17466211321  1.760132512937399E-16
8206.34926533701  1.760333816424267E-16
8209.52386856081  1.754831287800775E-16
8212.69847178461  1.755752500759093E-16
8215.87307500841  1.769134808238089E-16
8219.04767823221  1.776824596365054E-16
8222.22228145601  1.782999228893331E-16
8225.39688467981  1.789500805588246E-16
8228.57148790361  1.776423725478257E-16
8231.74609112741  1.762111181215390E-16
8234.92069435121  1.751476059404907E-16
8238.09529757501  1.730837036390003E-16
8241.26990079881  1.728056813449942E-16
8244.44450402262  1.723376955288237E-16
8247.61910724642  1.703599648693560E-16
8250.79371047022  1.704854485867436E-16
8253.96831369402  1.716696080520323E-16
8257.14291691782  1.713009892209386E-16
8260.31752014162  1.706080317982177E-16
8263.49212336542  1.712668987491487E-16
8266.66672658922  1.729787527323366E-16
8269.84132981302  1.735173621521447E-16
8273.01593303682  1.733840835795840E-16
8276.19053626062  1.731523844548505E-16
8279.36513948442  1.730411466948811E-16
8282.53974270823  1.718738698000842E-16
8285.71434593203  1.714659092476891E-16
8288.88894915583  1.706852263023711E-16
8292.06355237963  1.699333171223464E-16
8295.23815560343  1.692645171374574E-16
8298.41275882723  1.687124713161777E-16
8301.58736205103  1.677631551750668E-16
8304.76196527483  1.670909312606772E-16
8307.93656849863  1.666538305294027E-16
8311.11117172243  1.656733208876932E-16
8314.28577494623  1.655859960940063E-16
8317.46037817003  1.660143590854699E-16
8320.63498139383  1.661903809093483E-16
8323.80958461763  1.658922811365554E-16
8326.98418784143  1.654436316262243E-16
8330.15879106523  1.646890824641637E-16
8333.33339428904  1.651980504855287E-16
8336.50799751284  1.666870271775342E-16
8339.68260073664  1.657606627519371E-16
8342.85720396044  1.629431638265234E-16
8346.03180718424  1.628293005055820E-16
8349.20641040804  1.641317961219193E-16
8352.38101363184  1.631890839487414E-16
8355.55561685564  1.628278353115031E-16
8358.73022007944  1.641511725880275E-16
8361.90482330324  1.632403618071811E-16
8365.07942652704  1.612163444177991E-16
8368.25402975084  1.607120086674247E-16
8371.42863297464  1.608277356003573E-16
8374.60323619844  1.616649980632782E-16
8377.77783942225  1.618697030556682E-16
8380.95244264605  1.604980341727031E-16
8384.12704586985  1.603215049700868E-16
8387.30164909365  1.616162209292166E-16
8390.47625231745  1.612237188791654E-16
8393.65085554125  1.594606561961291E-16
8396.82545876505  1.589631111647555E-16
8400.00006198885  1.582900788642713E-16
8403.17466521265  1.589979122579660E-16
8406.34926843645  1.608148393585454E-16
8409.52387166025  1.599465093519525E-16
8412.69847488405  1.583607162624040E-16
8415.87307810785  1.583473386072135E-16
8419.04768133165  1.590240847200240E-16
8422.22228455545  1.591101407532982E-16
8425.39688777925  1.569370056480391E-16
8428.57149100306  1.558486434144235E-16
8431.74609422686  1.561474581241618E-16
8434.92069745066  1.560374050883196E-16
8438.09530067446  1.561432730371177E-16
8441.26990389826  1.567029714839044E-16
8444.44450712206  1.565427532091010E-16
8447.61911034586  1.555465681311408E-16
8450.79371356966  1.558441620868716E-16
8453.96831679346  1.566312728339021E-16
8457.14292001726  1.565216372768639E-16
8460.31752324106  1.553046159743020E-16
8463.49212646486  1.533420964514975E-16
8466.66672968866  1.521728141194984E-16
8469.84133291246  1.506835458186706E-16
8473.01593613626  1.497343264563651E-16
8476.19053936007  1.489737671139061E-16
8479.36514258386  1.471691694406346E-16
8482.53974580767  1.452276670646943E-16
8485.71434903147  1.449207622014029E-16
8488.88895225527  1.453559264517302E-16
8492.06355547907  1.464822538259311E-16
8495.23815870287  1.476218436650973E-16
8498.41276192667  1.482883995918985E-16
8501.58736515047  1.496508119283812E-16
8504.76196837427  1.508176113599021E-16
8507.93657159807  1.512865661971297E-16
8511.11117482187  1.522216750166210E-16
8514.28577804567  1.530045848492840E-16
8517.46038126947  1.521907414284407E-16
8520.63498449327  1.510827782881931E-16
8523.80958771708  1.506070010587135E-16
8526.98419094088  1.506852093538421E-16
8530.15879416468  1.508708768227526E-16
8533.33339738848  1.507922716456680E-16
8536.50800061228  1.511875682847944E-16
8539.68260383608  1.504586617832038E-16
8542.85720705988  1.494350415381200E-16
8546.03181028368  1.490857907743469E-16
8549.20641350748  1.486704394830835E-16
8552.38101673128  1.484040585743521E-16
8555.55561995508  1.485876401797799E-16
8558.73022317888  1.486648297215533E-16
8561.90482640268  1.487321514597200E-16
8565.07942962648  1.485249908005383E-16
8568.25403285028  1.481306047446341E-16
8571.42863607409  1.476239270884378E-16
8574.60323929788  1.474697060698698E-16
8577.77784252169  1.479060701588053E-16
8580.95244574549  1.478417922788592E-16
8584.12704896929  1.471995487116482E-16
8587.30165219309  1.465696271648113E-16
8590.47625541689  1.463120288361243E-16
8593.65085864069  1.455361309946855E-16
8596.82546186449  1.456432272729970E-16
8600.00006508829  1.465066135809412E-16
8603.17466831209  1.462744525396692E-16
8606.34927153589  1.452254208146293E-16
8609.52387475969  1.451775944479300E-16
8612.69847798349  1.444408436074542E-16
8615.87308120729  1.445844372623899E-16
8619.0476844311  1.444205204779094E-16
8622.2222876549  1.436324804091408E-16
8625.3968908787  1.432472484959621E-16
8628.5714941025  1.428289659583053E-16
8631.7460973263  1.423449979512050E-16
8634.9207005501  1.421577920887711E-16
8638.0953037739  1.418824133172869E-16
8641.2699069977  1.413839056646083E-16
8644.4445102215  1.409161589396543E-16
8647.6191134453  1.411773574788591E-16
8650.7937166691  1.408849727466435E-16
8653.9683198929  1.404101716303062E-16
8657.1429231167  1.398182047169180E-16
8660.3175263405  1.386048729221821E-16
8663.4921295643  1.391989824780775E-16
8666.66673278811  1.404901989061724E-16
8669.8413360119  1.389379591954149E-16
8673.01593923571  1.378563799127556E-16
8676.19054245951  1.386703474530486E-16
8679.36514568331  1.390893149760182E-16
8682.53974890711  1.389732255561245E-16
8685.71435213091  1.380202157736706E-16
8688.88895535471  1.369634106350507E-16
8692.06355857851  1.356443927169850E-16
8695.23816180231  1.334132386995037E-16
8698.41276502611  1.328222652785129E-16
8701.58736824991  1.333018658874275E-16
8704.76197147371  1.325339713116920E-16
8707.93657469751  1.319489470151103E-16
8711.11117792131  1.319744702488121E-16
8714.28578114511  1.314988093414653E-16
8717.46038436891  1.309440151264902E-16
8720.63498759271  1.298702944219050E-16
8723.80959081652  1.291524388919632E-16
8726.98419404032  1.295438630513006E-16
8730.15879726412  1.290129841361591E-16
8733.33340048792  1.275752537850592E-16
8736.50800371172  1.267822545066817E-16
8739.68260693552  1.263285777131020E-16
8742.85721015932  1.262728187457702E-16
8746.03181338312  1.269066164945373E-16
8749.20641660692  1.274858095023281E-16
8752.38101983072  1.268111756678068E-16
8755.55562305452  1.256596863486691E-16
8758.73022627832  1.248132576944013E-16
8761.90482950213  1.242269133756131E-16
8765.07943272592  1.242948977037796E-16
8768.25403594973  1.241818111049715E-16
8771.42863917353  1.238337112179880E-16
8774.60324239733  1.227031170188690E-16
8777.77784562113  1.221470175734132E-16
8780.95244884493  1.223772691447121E-16
8784.12705206873  1.221872653240692E-16
8787.30165529253  1.221224323629768E-16
8790.47625851633  1.217758643549886E-16
8793.65086174013  1.208469911987786E-16
8796.82546496393  1.208445261134870E-16
8800.00006818773  1.209852150616547E-16
8803.17467141153  1.206000548716179E-16
8806.34927463533  1.204779893893621E-16
8809.52387785913  1.198378196625248E-16
8812.69848108293  1.197844507741098E-16
8815.87308430673  1.209420443784446E-16
8819.04768753054  1.197284024329370E-16
8822.22229075434  1.172777502906213E-16
8825.39689397814  1.167109843395172E-16
8828.57149720194  1.178977637079159E-16
8831.74610042574  1.196863382175512E-16
8834.92070364954  1.197230026194505E-16
8838.09530687334  1.181494213801870E-16
8841.26991009714  1.183744355240725E-16
8844.44451332094  1.180125793014539E-16
8847.61911654474  1.172366587782317E-16
8850.79371976854  1.171678885799851E-16
8853.96832299234  1.171192035533369E-16
8857.14292621615  1.171469202780763E-16
8860.31752943994  1.168030764009663E-16
8863.49213266375  1.161117428451643E-16
8866.66673588755  1.151464936903814E-16
8869.84133911135  1.145951231479832E-16
8873.01594233515  1.155231862963369E-16
8876.19054555895  1.162934074047458E-16
8879.36514878275  1.163147017257843E-16
8882.53975200655  1.144614841489343E-16
8885.71435523035  1.133378200449078E-16
8888.88895845415  1.137209299837242E-16
8892.06356167795  1.154872029367870E-16
8895.23816490175  1.147151709897856E-16
8898.41276812555  1.101137737655687E-16
8901.58737134935  1.114203650507512E-16
8904.76197457315  1.151225920824172E-16
8907.93657779695  1.157345513586631E-16
8911.11118102075  1.152536609218751E-16
8914.28578424456  1.150427003232585E-16
8917.46038746836  1.148684459393551E-16
8920.63499069216  1.135553171379843E-16
8923.80959391596  1.132334902602962E-16
8926.98419713976  1.144574870986019E-16
8930.15880036356  1.151374066875975E-16
8933.33340358736  1.153745522704745E-16
8936.50800681116  1.145401222838237E-16
8939.68261003496  1.135607371937858E-16
8942.85721325876  1.137696199242206E-16
8946.03181648256  1.144306395123147E-16
8949.20641970636  1.150322624195360E-16
8952.38102293016  1.150417554394041E-16
8955.55562615396  1.140622123385585E-16
8958.73022937776  1.126058914323744E-16
8961.90483260157  1.130236199833813E-16
8965.07943582537  1.146572921425359E-16
8968.25403904917  1.138359263958381E-16
8971.42864227297  1.125965240521535E-16
8974.60324549677  1.126166623555281E-16
8977.77784872057  1.130380626193724E-16
8980.95245194437  1.131689496433719E-16
8984.12705516817  1.131513629945529E-16
8987.30165839197  1.126467902304512E-16
8990.47626161577  1.128823442236485E-16
8993.65086483957  1.134016776520486E-16
8996.82546806337  1.122987277587846E-16
9000.00007128717  1.103701428837510E-16
