3345.8461914063  5.571141E-16
3349.91125122001  4.577634E-16
3353.97631103371  4.865466E-16
3358.04137084742  4.863697E-16
3362.10643066113  5.102845E-16
3366.17149047483  5.168790E-16
3370.23655028854  4.926861E-16
3374.30161010224  5.043843E-16
3378.36666991595  5.570665E-16
3382.43172972965  5.310046E-16
3386.49678954336  5.297851E-16
3390.56184935706  4.950240E-16
3394.62690917077  5.014410E-16
3398.69196898448  5.752645E-16
3402.75702879818  5.631667E-16
3406.82208861189  5.790578E-16
****************  5.222238E-16
3414.9522082393  5.397406E-16
3419.017268053  5.439162E-16
3423.08232786671  5.312773E-16
3427.14738768042  5.272975E-16
****************  5.302375E-16
3435.27750730783  5.310635E-16
3439.34256712153  5.254872E-16
3443.40762693524  5.387782E-16
3447.47268674894  5.212141E-16
3451.53774656265  5.375848E-16
3455.60280637636  5.258245E-16
3459.66786619006  5.215449E-16
3463.73292600377  5.530250E-16
3467.79798581747  5.490672E-16
3471.86304563118  5.713091E-16
3475.92810544488  5.551644E-16
3479.99316525859  5.393414E-16
3484.05822507229  5.365828E-16
3488.123284886  5.586850E-16
3492.18834469971  5.340700E-16
3496.25340451341  5.402359E-16
3500.31846432712  5.321530E-16
3504.38352414082  5.239871E-16
3508.44858395453  5.289545E-16
3512.51364376823  5.343878E-16
3516.57870358194  5.207924E-16
3520.64376339564  5.348111E-16
3524.70882320935  5.338585E-16
3528.77388302306  4.946331E-16
3532.83894283676  5.039245E-16
3536.90400265047  4.977162E-16
3540.96906246417  5.028120E-16
3545.03412227788  4.968755E-16
3549.09918209158  5.029920E-16
3553.16424190529  4.903651E-16
3557.22930171899  5.251728E-16
3561.2943615327  5.299064E-16
3565.35942134641  5.021380E-16
3569.42448116011  4.964512E-16
3573.48954097382  4.856669E-16
3577.55460078752  5.297243E-16
3581.61966060123  5.100017E-16
3585.68472041493  5.113308E-16
3589.74978022864  4.893537E-16
3593.81484004235  4.961819E-16
3597.87989985605  4.936267E-16
3601.94495966976  4.914172E-16
3606.01001948346  4.977366E-16
3610.07507929717  5.060978E-16
3614.14013911087  5.144828E-16
3618.20519892458  5.267703E-16
3622.27025873829  5.101967E-16
3626.33531855199  4.941946E-16
3630.4003783657  5.074620E-16
3634.4654381794  5.143016E-16
3638.53049799311  5.045578E-16
3642.59555780681  5.015168E-16
3646.66061762052  5.021964E-16
3650.72567743422  5.311312E-16
3654.79073724793  5.293134E-16
3658.85579706164  5.243265E-16
3662.92085687534  5.260583E-16
3666.98591668905  5.224678E-16
3671.05097650275  5.287207E-16
3675.11603631646  5.220586E-16
3679.18109613016  5.287552E-16
3683.24615594387  5.214421E-16
3687.31121575758  5.181891E-16
3691.37627557128  5.214126E-16
3695.44133538499  5.229221E-16
3699.50639519869  5.171407E-16
3703.5714550124  5.185477E-16
3707.6365148261  5.237326E-16
3711.70157463981  5.385002E-16
****************  5.380128E-16
3719.83169426722  5.341383E-16
3723.89675408093  5.200217E-16
3727.96181389463  5.228349E-16
****************  5.282827E-16
3736.09193352204  5.428195E-16
3740.15699333575  5.309832E-16
****************  5.090588E-16
3748.28711296316  5.159109E-16
3752.35217277687  5.166027E-16
3756.41723259057  5.192446E-16
3760.48229240428  5.298093E-16
3764.54735221798  5.240423E-16
3768.61241203169  5.124459E-16
****************  5.166587E-16
3776.7425316591  5.195355E-16
3780.8075914728  5.197812E-16
3784.87265128651  5.253987E-16
****************  5.191703E-16
3793.00277091392  5.154603E-16
3797.06783072763  5.128930E-16
3801.13289054133  5.187270E-16
3805.19795035504  5.130170E-16
3809.26301016874  5.038852E-16
3813.32806998245  5.000955E-16
3817.39312979615  4.926781E-16
3821.45818960986  5.018794E-16
3825.52324942357  5.064612E-16
3829.58830923727  5.176638E-16
3833.65336905098  5.163297E-16
3837.71842886468  5.003976E-16
3841.78348867839  5.059095E-16
3845.84854849209  5.078586E-16
3849.9136083058  4.999012E-16
3853.97866811951  5.035569E-16
3858.04372793321  5.081191E-16
3862.10878774692  5.078928E-16
3866.17384756062  5.076749E-16
3870.23890737433  5.079589E-16
3874.30396718803  4.996925E-16
3878.36902700174  5.040086E-16
3882.43408681544  5.044120E-16
3886.49914662915  5.147753E-16
3890.56420644286  5.048451E-16
3894.62926625656  4.989397E-16
3898.69432607027  5.009598E-16
3902.75938588397  5.015822E-16
3906.82444569768  4.949395E-16
3910.88950551138  4.981586E-16
3914.95456532509  5.060181E-16
3919.0196251388  4.966722E-16
3923.0846849525  5.069503E-16
3927.14974476621  4.958617E-16
3931.21480457991  4.778880E-16
3935.27986439362  4.901587E-16
3939.34492420732  4.907758E-16
3943.40998402103  4.892640E-16
3947.47504383474  5.080462E-16
3951.54010364844  4.950854E-16
3955.60516346215  4.884592E-16
3959.67022327585  4.847238E-16
3963.73528308956  4.787432E-16
3967.80034290326  4.808163E-16
3971.86540271697  4.817085E-16
3975.93046253067  4.980704E-16
3979.99552234438  4.995311E-16
3984.06058215809  4.930696E-16
3988.12564197179  4.959972E-16
3992.1907017855  4.924182E-16
3996.2557615992  4.884063E-16
****************  4.914323E-16
****************  4.855153E-16
4008.45094104032  4.883645E-16
4012.51600085402  4.964384E-16
4016.58106066773  4.923105E-16
4020.64612048144  4.997224E-16
4024.71118029514  4.977097E-16
****************  4.971423E-16
4032.84129992255  4.824182E-16
4036.90635973626  4.773170E-16
4040.97141954996  4.732581E-16
4045.03647936367  4.755914E-16
4049.10153917738  4.651947E-16
4053.16659899108  4.635460E-16
4057.23165880479  4.714764E-16
4061.29671861849  4.699246E-16
4065.3617784322  4.604469E-16
4069.4268382459  4.604746E-16
4073.49189805961  4.616333E-16
****************  4.569227E-16
4081.62201768702  4.573237E-16
4085.68707750073  4.610538E-16
4089.75213731443  4.646455E-16
4093.81719712814  4.689490E-16
4097.88225694184  4.600807E-16
4101.94731675555  4.595445E-16
4106.01237656925  4.574215E-16
****************  4.638504E-16
4114.14249619667  4.662638E-16
4118.20755601037  4.535212E-16
****************  4.553424E-16
****************  4.552967E-16
4130.40273545149  4.574832E-16
4134.46779526519  4.527585E-16
4138.5328550789  4.543825E-16
4142.5979148926  4.559322E-16
4146.66297470631  4.561903E-16
4150.72803452002  4.627056E-16
4154.79309433372  4.506253E-16
4158.85815414743  4.493666E-16
4162.92321396113  4.526424E-16
4166.98827377484  4.459535E-16
4171.05333358854  4.442362E-16
4175.11839340225  4.514639E-16
4179.18345321595  4.542268E-16
4183.24851302966  4.496157E-16
4187.31357284337  4.612405E-16
4191.37863265707  4.655680E-16
4195.44369247078  4.588209E-16
****************  4.581221E-16
4203.57381209819  4.469793E-16
4207.63887191189  4.483109E-16
4211.7039317256  4.527116E-16
***************  4.589804E-16
4219.83405135301  4.451047E-16
4223.89911116672  4.397489E-16
4227.96417098042  4.403050E-16
****************  4.354730E-16
4236.09429060783  4.421170E-16
4240.15935042154  4.370785E-16
****************  4.292445E-16
4248.28947004895  4.344263E-16
4252.35452986265  4.428911E-16
4256.41958967636  4.290397E-16
4260.48464949007  4.332192E-16
4264.54970930377  4.372591E-16
4268.61476911748  4.301340E-16
4272.67982893118  4.273329E-16
4276.74488874489  4.192380E-16
4280.8099485586  4.224203E-16
4284.8750083723  4.317267E-16
4288.94006818601  4.341573E-16
****************  4.286160E-16
4297.07018781342  4.200371E-16
4301.13524762712  4.159576E-16
4305.20030744083  4.186778E-16
4309.26536725453  4.243368E-16
****************  4.217240E-16
4317.39548688194  4.213248E-16
4321.46054669565  4.164477E-16
4325.52560650936  4.023639E-16
4329.59066632306  4.166420E-16
4333.65572613677  4.131448E-16
4337.72078595047  4.066990E-16
4341.78584576418  4.077453E-16
4345.85090557788  4.106185E-16
4349.91596539159  4.138611E-16
4353.9810252053  4.065193E-16
4358.046085019  4.028147E-16
****************  4.024032E-16
4366.17620464641  4.120691E-16
4370.24126446012  4.077030E-16
4374.30632427382  4.015518E-16
4378.37138408753  3.984499E-16
4382.43644390124  3.978028E-16
****************  3.982046E-16
4390.56656352865  3.931881E-16
4394.63162334235  3.946559E-16
4398.69668315606  3.959010E-16
4402.76174296976  3.964707E-16
4406.82680278347  3.836743E-16
4410.89186259717  3.833071E-16
4414.95692241088  3.828565E-16
4419.02198222459  3.866385E-16
4423.08704203829  3.743843E-16
4427.152101852  3.959374E-16
4431.2171616657  3.772996E-16
4435.28222147941  3.806332E-16
4439.34728129311  3.797136E-16
4443.41234110682  3.844529E-16
4447.47740092052  3.892130E-16
4451.54246073423  3.892713E-16
4455.60752054794  3.833033E-16
4459.67258036164  3.817840E-16
4463.73764017535  3.789812E-16
4467.80269998905  3.835294E-16
4471.86775980276  3.843297E-16
4475.93281961647  3.801359E-16
4479.99787943017  3.758198E-16
4484.06293924388  3.822232E-16
4488.12799905758  3.815558E-16
4492.19305887129  3.827202E-16
****************  3.786528E-16
4500.3231784987  3.708427E-16
4504.3882383124  3.774220E-16
4508.45329812611  3.834318E-16
4512.51835793982  3.873571E-16
4516.58341775352  3.816298E-16
4520.64847756723  3.816733E-16
4524.71353738093  3.805523E-16
****************  3.776748E-16
4532.84365700834  3.731829E-16
4536.90871682205  3.788615E-16
4540.97377663575  3.830215E-16
4545.03883644946  3.765036E-16
4549.10389626317  3.725036E-16
****************  3.613596E-16
4557.23401589058  3.769546E-16
4561.29907570428  3.753816E-16
****************  3.754987E-16
4569.42919533169  3.683932E-16
4573.4942551454  3.660028E-16
4577.55931495911  3.611279E-16
4581.62437477281  3.683321E-16
4585.68943458652  3.653706E-16
4589.75449440022  3.671550E-16
4593.81955421393  3.671701E-16
4597.88461402763  3.614856E-16
4601.94967384134  3.611757E-16
4606.01473365504  3.519312E-16
4610.07979346875  3.511322E-16
4614.14485328246  3.581733E-16
4618.20991309616  3.629774E-16
4622.27497290987  3.672037E-16
4626.34003272357  3.601075E-16
4630.40509253728  3.607422E-16
4634.47015235098  3.615047E-16
4638.53521216469  3.645255E-16
4642.60027197839  3.552072E-16
4646.6653317921  3.593464E-16
4650.73039160581  3.619053E-16
4654.79545141951  3.623541E-16
4658.86051123322  3.656007E-16
****************  3.667875E-16
4666.99063086063  3.600763E-16
4671.05569067433  3.544581E-16
4675.12075048804  3.562781E-16
4679.18581030175  3.544935E-16
4683.25087011545  3.475015E-16
****************  3.479566E-16
4691.38098974286  3.529294E-16
4695.44604955657  3.522958E-16
4699.51110937027  3.465565E-16
4703.57616918398  3.462530E-16
4707.64122899769  3.459684E-16
****************  3.385609E-16
4715.7713486251  3.376767E-16
4719.8364084388  3.469251E-16
4723.90146825251  3.467920E-16
4727.96652806621  3.422942E-16
****************  3.376433E-16
4736.09664769362  3.398594E-16
4740.16170750733  3.358719E-16
****************  3.392460E-16
4748.29182713474  3.344337E-16
4752.35688694845  3.263906E-16
4756.42194676215  3.325200E-16
4760.48700657586  3.445284E-16
4764.55206638956  3.356519E-16
****************  3.333675E-16
4772.68218601698  3.456693E-16
4776.74724583068  3.424148E-16
4780.81230564438  3.350095E-16
****************  3.329450E-16
4788.9424252718  3.384448E-16
4793.0074850855  3.396150E-16
4797.07254489921  3.392147E-16
4801.13760471291  3.376175E-16
4805.20266452662  3.295418E-16
4809.26772434033  3.369360E-16
4813.33278415403  3.459589E-16
4817.39784396774  3.431921E-16
4821.46290378144  3.414651E-16
4825.52796359515  3.435278E-16
4829.59302340885  3.386669E-16
4833.65808322256  3.336006E-16
4837.72314303626  3.352843E-16
4841.78820284997  3.281089E-16
4845.85326266368  3.346265E-16
4849.91832247738  3.279244E-16
****************  3.306852E-16
4858.04844210479  3.378974E-16
4862.1135019185  3.370993E-16
4866.1785617322  3.349091E-16
4870.24362154591  3.320989E-16
4874.30868135961  3.281281E-16
4878.37374117332  3.348058E-16
4882.43880098703  3.375771E-16
4886.50386080073  3.251583E-16
4890.56892061444  3.355333E-16
4894.63398042814  3.359497E-16
4898.69904024185  3.409189E-16
4902.76410005555  3.417569E-16
4906.82915986926  3.423849E-16
****************  3.455177E-16
****************  3.473045E-16
4919.02433931038  3.458602E-16
4923.08939912408  3.443340E-16
4927.15445893779  3.452650E-16
4931.21951875149  3.482718E-16
4935.2845785652  3.518538E-16
***************  3.486906E-16
4943.41469819261  3.513749E-16
4947.47975800632  3.519576E-16
4951.54481782002  3.482162E-16
4955.60987763373  3.389656E-16
4959.67493744743  3.334414E-16
4963.73999726114  3.344908E-16
4967.80505707484  3.347271E-16
****************  3.281003E-16
4975.93517670226  3.242983E-16
4980.00023651596  3.264536E-16
4984.06529632967  3.224968E-16
4988.13035614337  3.236165E-16
4992.19541595708  3.356411E-16
4996.26047577078  3.329520E-16
5000.32553558449  3.188432E-16
5004.3905953982  3.275113E-16
5008.4556552119  3.176436E-16
5012.52071502561  3.100118E-16
5016.58577483931  3.234830E-16
5020.65083465302  3.217001E-16
5024.71589446672  3.176919E-16
5028.78095428043  3.234508E-16
5032.84601409413  3.212829E-16
5036.91107390784  3.185883E-16
5040.97613372154  3.228771E-16
5045.04119353525  3.168251E-16
5049.10625334896  3.091791E-16
5053.17131316266  3.126549E-16
5057.23637297637  3.131791E-16
5061.30143279007  3.145900E-16
5065.36649260378  3.199917E-16
5069.43155241749  3.162746E-16
5073.49661223119  3.103275E-16
5077.5616720449  3.125932E-16
5081.6267318586  3.157749E-16
5085.69179167231  3.138998E-16
5089.75685148601  3.160110E-16
5093.82191129972  3.102171E-16
5097.88697111342  3.089425E-16
5101.95203092713  3.109970E-16
5106.01709074084  3.084353E-16
5110.08215055454  3.086831E-16
5114.14721036825  3.109001E-16
5118.21227018195  3.123876E-16
5122.27732999566  3.073243E-16
5126.34238980936  3.053059E-16
5130.40744962307  3.000974E-16
5134.47250943677  3.012601E-16
5138.53756925048  3.025134E-16
5142.60262906419  3.082083E-16
5146.66768887789  2.995873E-16
5150.7327486916  3.024182E-16
5154.7978085053  3.036070E-16
5158.86286831901  2.999813E-16
5162.92792813271  3.022111E-16
5166.99298794642  2.963405E-16
5171.05804776013  2.931723E-16
5175.12310757383  2.976209E-16
5179.18816738754  2.977512E-16
5183.25322720124  2.996407E-16
5187.31828701495  3.016306E-16
5191.38334682865  2.973274E-16
5195.44840664236  2.889815E-16
5199.51346645607  2.922305E-16
5203.57852626977  2.988525E-16
5207.64358608348  2.993249E-16
5211.70864589718  2.914539E-16
5215.77370571089  2.873086E-16
5219.83876552459  3.019861E-16
5223.9038253383  3.020464E-16
5227.968885152  2.986345E-16
5232.03394496571  2.961173E-16
5236.09900477941  2.867179E-16
5240.16406459312  2.923293E-16
5244.22912440683  2.954759E-16
5248.29418422053  2.968488E-16
5252.35924403424  3.007561E-16
5256.42430384794  3.007684E-16
5260.48936366165  2.986992E-16
5264.55442347535  2.880166E-16
5268.61948328906  2.892382E-16
5272.68454310277  2.896293E-16
5276.74960291647  2.983360E-16
5280.81466273018  2.975885E-16
5284.87972254388  2.809093E-16
5288.94478235759  2.837545E-16
5293.00984217129  2.881724E-16
5297.074901985  2.823332E-16
5301.13996179871  2.801580E-16
5305.20502161241  2.838509E-16
5309.27008142612  2.882574E-16
5313.33514123982  2.914656E-16
5317.40020105353  2.909678E-16
5321.46526086723  2.898501E-16
5325.53032068094  2.940498E-16
5329.59538049464  2.900438E-16
5333.66044030835  2.899097E-16
5337.72550012206  2.919645E-16
5341.79055993576  2.947273E-16
5345.85561974947  2.885369E-16
5349.92067956317  2.909232E-16
5353.98573937688  2.955879E-16
5358.05079919058  2.928722E-16
5362.11585900429  2.921271E-16
5366.18091881799  2.897665E-16
5370.2459786317  2.960151E-16
5374.31103844541  2.962109E-16
5378.37609825911  2.938764E-16
5382.44115807282  2.892411E-16
5386.50621788652  2.925990E-16
5390.57127770023  2.959042E-16
5394.63633751393  2.886718E-16
5398.70139732764  2.866489E-16
5402.76645714135  2.846105E-16
5406.83151695505  2.837177E-16
5410.89657676876  2.909515E-16
5414.96163658246  2.873072E-16
5419.02669639617  2.855383E-16
5423.09175620987  2.864749E-16
5427.15681602358  2.841859E-16
5431.22187583728  2.810339E-16
5435.28693565099  2.869769E-16
5439.3519954647  2.830225E-16
5443.4170552784  2.844633E-16
5447.48211509211  2.766558E-16
5451.54717490581  2.794800E-16
5455.61223471952  2.852832E-16
5459.67729453322  2.852927E-16
5463.74235434693  2.881600E-16
5467.80741416064  2.858228E-16
5471.87247397434  2.814901E-16
5475.93753378805  2.813011E-16
5480.00259360175  2.833891E-16
5484.06765341546  2.804520E-16
5488.13271322916  2.772459E-16
5492.19777304287  2.866280E-16
5496.26283285657  2.857867E-16
5500.32789267028  2.765279E-16
5504.39295248399  2.821843E-16
5508.45801229769  2.904224E-16
5512.5230721114  2.879330E-16
5516.5881319251  2.885668E-16
5520.65319173881  2.871580E-16
5524.71825155251  2.888135E-16
5528.78331136622  2.881193E-16
5532.84837117993  2.796600E-16
5536.91343099363  2.811327E-16
5540.97849080734  2.781672E-16
5545.04355062104  2.878308E-16
5549.10861043475  2.901610E-16
5553.17367024845  2.822517E-16
5557.23873006216  2.878906E-16
5561.30378987586  2.857989E-16
5565.36884968957  2.834048E-16
5569.43390950328  2.736002E-16
5573.49896931698  2.734192E-16
5577.56402913069  2.853034E-16
5581.62908894439  2.732454E-16
5585.6941487581  2.700122E-16
5589.7592085718  2.761275E-16
5593.82426838551  2.809558E-16
5597.88932819921  2.826742E-16
5601.95438801292  2.837199E-16
5606.01944782663  2.839021E-16
5610.08450764033  2.813263E-16
5614.14956745404  2.847021E-16
5618.21462726774  2.845813E-16
5622.27968708145  2.836420E-16
5626.34474689516  2.827026E-16
5630.40980670886  2.817633E-16
5634.47486652257  2.808238E-16
5638.53992633627  2.798845E-16
5642.60498614998  2.789451E-16
5646.67004596368  2.780058E-16
5650.73510577739  2.770664E-16
5654.80016559109  2.761269E-16
5658.8652254048  2.751876E-16
5662.93028521851  2.742483E-16
5666.99534503221  2.733089E-16
5671.06040484592  2.723694E-16
5675.12546465962  2.721888E-16
5679.19052447333  2.676857E-16
5683.25558428703  2.557380E-16
5687.32064410074  2.617672E-16
5691.38570391444  2.651680E-16
5695.45076372815  2.653700E-16
5699.51582354185  2.713073E-16
5703.58088335556  2.716114E-16
5707.64594316927  2.673202E-16
5711.71100298297  2.660003E-16
5715.77606279668  2.579355E-16
5719.84112261039  2.580997E-16
5723.90618242409  2.682420E-16
5727.9712422378  2.717613E-16
5732.0363020515  2.672380E-16
5736.10136186521  2.590933E-16
5740.16642167891  2.605074E-16
5744.23148149262  2.684612E-16
5748.29654130632  2.716715E-16
5752.36160112003  2.638554E-16
5756.42666093373  2.606796E-16
5760.49172074744  2.578730E-16
5764.55678056115  2.578877E-16
5768.62184037485  2.527292E-16
5772.68690018856  2.544702E-16
5776.75196000226  2.539764E-16
5780.81701981597  2.585614E-16
5784.88207962967  2.631760E-16
5788.94713944338  2.544809E-16
5793.01219925708  2.507462E-16
5797.07725907079  2.543149E-16
5801.14231888449  2.559655E-16
5805.2073786982  2.613198E-16
5809.27243851191  2.560483E-16
5813.33749832561  2.527304E-16
5817.40255813932  2.602394E-16
5821.46761795303  2.619200E-16
5825.53267776673  2.637171E-16
5829.59773758043  2.647054E-16
5833.66279739414  2.614648E-16
5837.72785720785  2.592835E-16
5841.79291702155  2.552639E-16
5845.85797683526  2.568141E-16
5849.92303664896  2.620312E-16
5853.98809646267  2.592067E-16
5858.05315627637  2.568182E-16
5862.11821609008  2.597987E-16
5866.18327590378  2.621992E-16
5870.24833571749  2.590914E-16
5874.3133955312  2.557009E-16
5878.3784553449  2.584694E-16
5882.44351515861  2.650174E-16
5886.50857497231  2.526099E-16
5890.57363478602  2.490442E-16
5894.63869459972  2.658277E-16
5898.70375441343  2.613116E-16
5902.76881422714  2.653843E-16
5906.83387404084  2.709444E-16
5910.89893385455  2.586905E-16
5914.96399366825  2.628529E-16
5919.02905348196  2.617684E-16
5923.09411329566  2.587310E-16
5927.15917310937  2.611291E-16
5931.22423292308  2.565504E-16
5935.28929273678  2.568637E-16
5939.35435255049  2.561908E-16
5943.41941236419  2.594625E-16
5947.4844721779  2.489104E-16
5951.5495319916  2.518434E-16
5955.61459180531  2.503136E-16
5959.67965161901  2.436280E-16
5963.74471143272  2.443578E-16
5967.80977124643  2.463159E-16
5971.87483106013  2.446004E-16
5975.93989087384  2.390612E-16
5980.00495068754  2.459584E-16
5984.07001050125  2.466870E-16
5988.13507031496  2.377369E-16
5992.20013012866  2.426068E-16
5996.26518994237  2.418682E-16
6000.33024975607  2.311950E-16
6004.39530956978  2.324636E-16
6008.46036938348  2.358441E-16
6012.52542919719  2.357950E-16
6016.59048901089  2.354077E-16
6020.6555488246  2.366012E-16
6024.7206086383  2.371665E-16
6028.78566845201  2.366784E-16
6032.85072826572  2.379715E-16
6036.91578807942  2.360734E-16
6040.98084789313  2.403304E-16
6045.04590770683  2.391520E-16
6049.11096752054  2.378132E-16
6053.17602733424  2.382908E-16
6057.24108714795  2.355052E-16
6061.30614696166  2.433365E-16
6065.37120677536  2.345302E-16
6069.43626658907  2.342660E-16
6073.50132640277  2.372884E-16
6077.56638621648  2.444335E-16
6081.63144603018  2.412459E-16
6085.69650584389  2.376474E-16
6089.7615656576  2.420951E-16
6093.8266254713  2.395484E-16
6097.89168528501  2.364702E-16
6101.95674509871  2.355753E-16
6106.02180491242  2.327298E-16
6110.08686472612  2.333434E-16
6114.15192453983  2.287829E-16
6118.21698435353  2.258175E-16
6122.28204416724  2.314338E-16
6126.34710398095  2.309537E-16
6130.41216379465  2.316768E-16
6134.47722360836  2.303365E-16
6138.54228342206  2.321824E-16
6142.60734323577  2.281993E-16
6146.67240304947  2.250577E-16
6150.73746286318  2.310011E-16
6154.80252267689  2.240398E-16
6158.86758249059  2.232131E-16
6162.9326423043  2.259167E-16
6166.997702118  2.238077E-16
6171.06276193171  2.293890E-16
6175.12782174541  2.216779E-16
6179.19288155912  2.218729E-16
6183.25794137282  2.208756E-16
6187.32300118653  2.201015E-16
6191.38806100023  2.253756E-16
6195.45312081394  2.289119E-16
6199.51818062765  2.232932E-16
6203.58324044135  2.220584E-16
6207.64830025506  2.230509E-16
6211.71336006876  2.195828E-16
6215.77841988247  2.213664E-16
6219.84347969617  2.229921E-16
6223.90853950988  2.267249E-16
6227.97359932358  2.266083E-16
6232.03865913729  2.252487E-16
6236.103718951  2.298109E-16
6240.1687787647  2.237150E-16
6244.23383857841  2.215019E-16
6248.29889839211  2.239434E-16
6252.36395820582  2.218161E-16
6256.42901801952  2.177668E-16
6260.49407783323  2.119709E-16
6264.55913764694  2.146730E-16
6268.62419746064  2.190226E-16
6272.68925727435  2.163496E-16
6276.75431708805  2.123181E-16
6280.81937690176  2.135423E-16
6284.88443671546  2.198140E-16
6288.94949652917  2.200017E-16
6293.01455634287  2.264065E-16
6297.07961615658  2.265167E-16
6301.14467597029  2.165385E-16
6305.20973578399  2.158716E-16
6309.2747955977  2.144431E-16
6313.3398554114  2.107912E-16
6317.40491522511  2.142407E-16
6321.46997503881  2.174591E-16
6325.53503485252  2.143871E-16
6329.60009466623  2.119506E-16
6333.66515447993  2.106280E-16
6337.73021429364  2.130699E-16
6341.79527410734  2.174828E-16
6345.86033392105  2.148237E-16
6349.92539373475  2.164949E-16
6353.99045354846  2.126710E-16
6358.05551336216  2.055449E-16
6362.12057317587  2.054495E-16
6366.18563298958  2.092729E-16
6370.25069280328  2.092117E-16
6374.31575261699  2.019304E-16
6378.38081243069  2.018503E-16
6382.4458722444  2.068529E-16
6386.5109320581  2.075430E-16
6390.57599187181  2.113456E-16
6394.64105168552  2.093705E-16
6398.70611149922  2.120752E-16
6402.77117131293  2.167849E-16
6406.83623112663  2.210382E-16
6410.90129094034  2.213112E-16
6414.96635075404  2.170385E-16
6419.03141056775  2.161994E-16
6423.09647038145  2.160755E-16
6427.16153019516  2.182616E-16
6431.22659000887  2.161749E-16
6435.29164982257  2.175432E-16
6439.35670963628  2.178277E-16
6443.42176944998  2.249821E-16
6447.48682926369  2.215990E-16
6451.55188907739  2.190815E-16
6455.6169488911  2.214218E-16
6459.68200870481  2.202754E-16
6463.74706851851  2.190587E-16
6467.81212833222  2.188172E-16
6471.87718814592  2.138094E-16
6475.94224795963  2.140932E-16
6480.00730777333  2.127099E-16
6484.07236758704  2.156184E-16
6488.13742740075  2.190989E-16
6492.20248721445  2.133611E-16
6496.26754702816  2.136180E-16
6500.33260684186  2.225436E-16
6504.39766665557  2.199389E-16
6508.46272646927  2.225133E-16
6512.52778628298  2.314792E-16
6516.59284609668  2.243908E-16
6520.65790591039  2.205705E-16
6524.7229657241  2.216519E-16
6528.7880255378  2.261373E-16
6532.85308535151  2.315461E-16
6536.91814516521  2.346767E-16
6540.98320497892  2.325116E-16
6545.04826479262  2.278488E-16
6549.11332460633  2.298564E-16
6553.17838442003  2.305685E-16
6557.24344423374  2.277622E-16
6561.30850404744  2.236634E-16
6565.37356386115  2.210124E-16
6569.43862367486  2.181593E-16
6573.50368348856  2.191977E-16
6577.56874330227  2.180367E-16
6581.63380311598  2.196115E-16
6585.69886292968  2.271541E-16
6589.76392274339  2.330481E-16
6593.82898255709  2.326060E-16
6597.8940423708  2.301892E-16
6601.9591021845  2.267272E-16
6606.02416199821  2.239618E-16
6610.08922181191  2.203645E-16
6614.15428162562  2.220845E-16
6618.21934143932  2.216114E-16
6622.28440125303  2.233264E-16
6626.34946106674  2.314285E-16
6630.41452088044  2.302241E-16
6634.47958069415  2.242791E-16
6638.54464050785  2.209275E-16
6642.60970032156  2.152424E-16
6646.67476013526  2.191596E-16
6650.73981994897  2.170981E-16
6654.80487976267  2.140868E-16
6658.86993957638  2.145369E-16
6662.93499939008  2.180259E-16
6667.00005920379  2.161440E-16
6671.0651190175  2.181712E-16
6675.1301788312  2.201210E-16
6679.19523864491  2.196355E-16
6683.26029845862  2.177483E-16
6687.32535827232  2.161130E-16
6691.39041808603  2.217520E-16
6695.45547789973  2.237343E-16
6699.52053771344  2.146091E-16
6703.58559752714  2.139253E-16
6707.65065734085  2.137792E-16
6711.71571715455  2.210783E-16
6715.78077696826  2.210436E-16
6719.84583678196  2.150355E-16
6723.91089659567  2.144609E-16
6727.97595640938  2.163073E-16
6732.04101622308  2.139869E-16
6736.10607603679  2.109490E-16
6740.17113585049  2.074501E-16
6744.2361956642  2.080188E-16
6748.3012554779  2.139865E-16
6752.36631529161  2.108515E-16
6756.43137510532  2.096143E-16
6760.49643491902  2.147737E-16
6764.56149473273  2.139956E-16
6768.62655454643  2.091962E-16
6772.69161436014  2.079105E-16
6776.75667417384  2.103674E-16
6780.82173398755  2.093499E-16
6784.88679380126  2.070489E-16
6788.95185361496  2.081267E-16
6793.01691342867  2.077895E-16
6797.08197324237  2.058523E-16
6801.14703305608  2.037974E-16
6805.21209286978  2.077177E-16
6809.27715268349  2.043764E-16
6813.34221249719  2.007007E-16
6817.4072723109  2.091068E-16
6821.47233212461  2.098573E-16
6825.53739193831  2.052803E-16
6829.60245175202  2.020139E-16
6833.66751156572  2.016631E-16
6837.73257137943  2.005029E-16
6841.79763119313  1.999842E-16
6845.86269100684  2.064955E-16
6849.92775082054  2.055665E-16
6853.99281063425  2.012029E-16
6858.05787044796  2.023927E-16
6862.12293026166  1.973954E-16
6866.18799007537  1.991870E-16
6870.25304988907  1.892795E-16
6874.31810970278  1.849727E-16
6878.38316951648  1.953011E-16
6882.44822933019  1.997076E-16
6886.51328914389  1.944671E-16
6890.5783489576  1.899927E-16
6894.64340877131  1.866096E-16
6898.70846858501  1.864409E-16
6902.77352839872  1.922688E-16
6906.83858821242  1.971655E-16
6910.90364802613  1.980043E-16
6914.96870783983  2.000281E-16
6919.03376765354  1.952385E-16
6923.09882746725  1.897317E-16
6927.16388728095  1.865603E-16
6931.22894709466  1.976780E-16
6935.29400690836  1.965980E-16
6939.35906672207  1.899790E-16
6943.42412653577  1.930161E-16
6947.48918634948  1.947267E-16
6951.55424616318  1.977774E-16
6955.61930597689  1.955009E-16
6959.6843657906  1.919180E-16
6963.7494256043  1.910724E-16
6967.81448541801  1.869732E-16
6971.87954523171  1.853479E-16
6975.94460504542  1.866299E-16
6980.00966485912  1.935483E-16
6984.07472467283  1.876419E-16
6988.13978448654  1.874855E-16
6992.20484430024  1.901219E-16
6996.26990411395  1.940857E-16
7000.33496392765  1.902675E-16
7004.40002374136  1.846861E-16
7008.46508355506  1.891149E-16
7012.53014336877  1.858727E-16
7016.59520318247  1.886488E-16
7020.66026299618  1.943297E-16
7024.72532280989  1.930237E-16
7028.79038262359  1.886460E-16
7032.8554424373  1.827669E-16
7036.920502251  1.876124E-16
7040.98556206471  1.911066E-16
7045.05062187842  1.833999E-16
7049.11568169212  1.868880E-16
7053.18074150583  1.880025E-16
7057.24580131953  1.810948E-16
7061.31086113324  1.870849E-16
7065.37592094694  1.907191E-16
7069.44098076065  1.877953E-16
7073.50604057435  1.892768E-16
7077.57110038806  1.891289E-16
7081.63616020176  1.883488E-16
7085.70122001547  1.868161E-16
7089.76627982918  1.876039E-16
7093.83133964288  1.911331E-16
7097.89639945659  1.857366E-16
7101.96145927029  1.814936E-16
7106.026519084  1.844268E-16
7110.0915788977  1.882795E-16
7114.15663871141  1.859774E-16
7118.22169852512  1.801473E-16
7122.28675833882  1.828926E-16
7126.35181815253  1.858532E-16
7130.41687796623  1.823518E-16
7134.48193777994  1.811255E-16
7138.54699759364  1.846935E-16
7142.61205740735  1.895319E-16
7146.67711722105  1.825100E-16
7150.74217703476  1.787145E-16
7154.80723684846  1.820693E-16
7158.87229666217  1.829812E-16
7162.93735647588  1.820786E-16
7167.00241628958  1.798243E-16
7171.06747610329  1.834135E-16
7175.13253591699  1.788349E-16
7179.1975957307  1.725722E-16
7183.2626555444  1.698103E-16
7187.32771535811  1.690719E-16
7191.39277517182  1.779598E-16
7195.45783498552  1.784090E-16
7199.52289479923  1.776147E-16
7203.58795461293  1.798854E-16
7207.65301442664  1.798214E-16
7211.71807424034  1.773488E-16
7215.78313405405  1.810009E-16
7219.84819386776  1.848771E-16
7223.91325368146  1.786438E-16
7227.97831349517  1.746827E-16
7232.04337330887  1.750575E-16
7236.10843312258  1.741837E-16
7240.17349293628  1.752853E-16
7244.23855274999  1.758232E-16
7248.30361256369  1.650663E-16
7252.3686723774  1.613079E-16
7256.43373219111  1.665795E-16
7260.49879200481  1.628806E-16
7264.56385181852  1.605951E-16
7268.62891163222  1.639224E-16
7272.69397144593  1.763198E-16
7276.75903125963  1.880328E-16
7280.82409107334  1.857102E-16
7284.88915088705  1.751543E-16
7288.95421070075  1.731655E-16
7293.01927051446  1.755735E-16
7297.08433032816  1.733684E-16
7301.14939014187  1.706163E-16
7305.21444995557  1.735549E-16
7309.27950976928  1.734431E-16
7313.34456958299  1.741458E-16
7317.40962939669  1.781202E-16
7321.4746892104  1.754703E-16
7325.5397490241  1.779364E-16
7329.60480883781  1.766102E-16
7333.66986865151  1.749349E-16
7337.73492846522  1.821368E-16
7341.79998827892  1.846389E-16
7345.86504809263  1.792673E-16
7349.93010790634  1.821420E-16
7353.99516772004  1.851253E-16
7358.06022753375  1.749855E-16
7362.12528734745  1.761899E-16
7366.19034716116  1.770941E-16
7370.25540697486  1.775646E-16
7374.32046678857  1.779624E-16
7378.38552660228  1.772692E-16
7382.45058641598  1.696235E-16
7386.51564622969  1.786572E-16
7390.58070604339  1.831765E-16
7394.6457658571  1.772663E-16
7398.7108256708  1.768070E-16
7402.77588548451  1.775646E-16
7406.84094529822  1.752635E-16
7410.90600511192  1.714944E-16
7414.97106492563  1.764580E-16
7419.03612473933  1.800114E-16
7423.10118455304  1.769819E-16
7427.16624436674  1.758997E-16
7431.23130418045  1.789134E-16
7435.29636399415  1.712245E-16
7439.36142380786  1.707945E-16
7443.42648362157  1.712003E-16
7447.49154343527  1.763079E-16
7451.55660324898  1.806129E-16
7455.62166306268  1.812802E-16
7459.68672287639  1.774259E-16
7463.75178269009  1.719966E-16
7467.8168425038  1.725749E-16
7471.8819023175  1.780009E-16
7475.94696213121  1.735039E-16
7480.01202194492  1.764498E-16
7484.07708175862  1.758230E-16
7488.14214157233  1.746869E-16
7492.20720138603  1.779533E-16
7496.27226119974  1.739138E-16
7500.33732101344  1.741298E-16
7504.40238082715  1.734631E-16
7508.46744064085  1.683130E-16
7512.53250045456  1.703984E-16
7516.59756026826  1.657342E-16
7520.66262008197  1.711236E-16
7524.72767989567  1.726412E-16
7528.79273970938  1.598162E-16
7532.85779952309  1.633296E-16
7536.92285933679  1.745441E-16
7540.9879191505  1.727522E-16
7545.05297896421  1.642046E-16
7549.11803877791  1.640607E-16
7553.18309859162  1.701314E-16
7557.24815840532  1.719599E-16
7561.31321821903  1.688849E-16
7565.37827803273  1.668758E-16
7569.44333784644  1.647550E-16
7573.50839766014  1.591505E-16
7577.57345747385  1.619208E-16
7581.63851728756  1.674897E-16
7585.70357710126  1.627388E-16
7589.76863691497  1.549473E-16
7593.83369672867  1.426893E-16
7597.89875654238  1.297327E-16
7601.96381635608  1.173306E-16
7606.02887616979  1.537810E-16
7610.09393598349  1.903315E-16
7614.1589957972  1.944056E-16
7618.22405561091  1.887238E-16
7622.28911542461  1.813764E-16
7626.35417523832  1.609805E-16
7630.41923505202  1.487404E-16
7634.48429486573  1.598690E-16
7638.54935467943  1.661305E-16
7642.61441449314  1.753895E-16
7646.67947430685  1.822650E-16
7650.74453412055  1.757478E-16
7654.80959393426  1.694690E-16
7658.87465374796  1.638967E-16
7662.93971356167  1.641696E-16
7667.00477337537  1.664485E-16
7671.06983318908  1.680709E-16
7675.13489300278  1.684192E-16
7679.19995281649  1.679872E-16
7683.2650126302  1.707932E-16
7687.3300724439  1.676748E-16
7691.39513225761  1.663020E-16
7695.46019207131  1.738472E-16
7699.52525188502  1.741166E-16
7703.59031169872  1.641488E-16
7707.65537151243  1.541949E-16
7711.72043132613  1.478248E-16
7715.78549113984  1.311930E-16
7719.85055095355  1.356679E-16
7723.91561076725  1.594095E-16
7727.98067058096  1.683191E-16
7732.04573039466  1.709381E-16
7736.11079020837  1.773901E-16
7740.17585002207  1.834918E-16
7744.24090983578  1.846665E-16
7748.30596964949  1.653276E-16
7752.37102946319  1.535845E-16
7756.4360892769  1.622484E-16
7760.5011490906  1.611787E-16
7764.56620890431  1.624234E-16
7768.63126871801  1.633638E-16
7772.69632853172  1.622596E-16
7776.76138834543  1.642533E-16
7780.82644815913  1.729243E-16
7784.89150797284  1.789329E-16
7788.95656778654  1.832408E-16
7793.02162760025  1.781088E-16
7797.08668741395  1.774470E-16
7801.15174722766  1.757318E-16
7805.21680704136  1.658597E-16
7809.28186685507  1.754305E-16
7813.34692666878  1.805822E-16
7817.41198648248  1.779229E-16
7821.47704629619  1.613233E-16
7825.54210610989  1.563997E-16
7829.6071659236  1.606097E-16
7833.6722257373  1.583980E-16
7837.73728555101  1.608005E-16
7841.80234536472  1.681334E-16
7845.86740517842  1.864550E-16
7849.93246499213  1.854112E-16
7853.99752480583  1.627073E-16
7858.06258461954  1.651210E-16
7862.12764443324  1.700591E-16
7866.19270424695  1.731560E-16
7870.25776406066  1.719634E-16
7874.32282387436  1.690486E-16
7878.38788368807  1.719074E-16
7882.45294350177  1.695226E-16
7886.51800331548  1.768516E-16
7890.58306312918  1.780414E-16
7894.64812294289  1.717263E-16
7898.71318275659  1.753054E-16
7902.7782425703  1.859390E-16
7906.843302384  1.887812E-16
7910.90836219771  1.835265E-16
7914.97342201141  1.744609E-16
7919.03848182512  1.691310E-16
7923.10354163883  1.671756E-16
7927.16860145253  1.709412E-16
7931.23366126624  1.759787E-16
7935.29872107994  1.662938E-16
7939.36378089365  1.701815E-16
7943.42884070735  1.677535E-16
7947.49390052106  1.674832E-16
7951.55896033477  1.616044E-16
7955.62402014847  1.606735E-16
7959.68907996218  1.639373E-16
7963.75413977588  1.686852E-16
7967.81919958959  1.703186E-16
7971.88425940329  1.676180E-16
7975.949319217  1.709065E-16
7980.0143790307  1.689532E-16
7984.07943884441  1.655765E-16
7988.14449865812  1.655620E-16
7992.20955847182  1.701245E-16
7996.27461828553  1.735842E-16
8000.33967809923  1.663571E-16
8004.40473791294  1.696731E-16
8008.46979772664  1.640890E-16
8012.53485754035  1.659783E-16
8016.59991735405  1.777095E-16
8020.66497716776  1.731270E-16
8024.73003698147  1.660637E-16
8028.79509679517  1.667473E-16
8032.86015660888  1.660178E-16
8036.92521642259  1.618226E-16
8040.99027623629  1.635131E-16
8045.05533604999  1.731628E-16
8049.1203958637  1.757170E-16
8053.18545567741  1.707443E-16
8057.25051549111  1.665433E-16
8061.31557530482  1.677977E-16
8065.38063511852  1.657186E-16
8069.44569493223  1.643195E-16
8073.51075474593  1.628559E-16
8077.57581455964  1.633074E-16
8081.64087437335  1.648241E-16
8085.70593418705  1.717093E-16
8089.77099400076  1.710406E-16
8093.83605381446  1.711929E-16
8097.90111362817  1.656615E-16
8101.96617344187  1.583816E-16
8106.03123325558  1.676542E-16
8110.09629306929  1.683956E-16
8114.16135288299  1.669301E-16
8118.2264126967  1.701657E-16
8122.2914725104  1.737322E-16
8126.35653232411  1.662032E-16
8130.42159213781  1.520917E-16
8134.48665195152  1.621682E-16
8138.55171176522  1.647715E-16
8142.61677157893  1.521703E-16
8146.68183139264  1.600790E-16
8150.74689120634  1.589472E-16
8154.81195102005  1.503586E-16
8158.87701083375  1.535730E-16
8162.94207064746  1.488945E-16
8167.00713046116  1.486684E-16
8171.07219027487  1.494404E-16
8175.13725008858  1.524567E-16
8179.20230990228  1.508797E-16
8183.26736971599  1.456314E-16
8187.33242952969  1.516709E-16
8191.3974893434  1.481960E-16
8195.4625491571  1.429670E-16
8199.52760897081  1.509764E-16
8203.59266878451  1.585892E-16
8207.65772859822  1.554529E-16
8211.72278841193  1.555626E-16
8215.78784822563  1.447459E-16
8219.85290803934  1.373285E-16
8223.91796785304  1.391451E-16
8227.98302766675  1.442758E-16
8232.04808748045  1.473150E-16
8236.11314729416  1.540741E-16
8240.17820710787  1.499373E-16
8244.24326692157  1.525339E-16
8248.30832673528  1.527742E-16
8252.37338654898  1.486465E-16
8256.43844636269  1.488689E-16
8260.50350617639  1.520064E-16
8264.5685659901  1.537438E-16
8268.63362580381  1.581672E-16
8272.69868561751  1.622876E-16
8276.76374543121  1.524886E-16
8280.82880524492  1.441822E-16
8284.89386505863  1.461486E-16
8288.95892487233  1.491692E-16
8293.02398468604  1.563995E-16
8297.08904449974  1.511947E-16
8301.15410431345  1.442763E-16
8305.21916412716  1.501519E-16
8309.28422394086  1.584236E-16
8313.34928375457  1.501037E-16
8317.41434356827  1.430535E-16
8321.47940338198  1.451407E-16
8325.54446319568  1.428558E-16
8329.60952300939  1.437509E-16
8333.67458282309  1.463161E-16
8337.7396426368  1.349986E-16
8341.80470245051  1.488142E-16
8345.86976226421  1.552511E-16
8349.93482207792  1.451213E-16
8353.99988189162  1.436632E-16
8358.06494170533  1.485873E-16
8362.13000151903  1.508475E-16
8366.19506133274  1.509208E-16
8370.26012114644  1.457772E-16
8374.32518096015  1.455141E-16
8378.39024077386  1.429979E-16
8382.45530058756  1.517458E-16
8386.52036040127  1.555946E-16
8390.58542021497  1.441513E-16
8394.65048002868  1.463663E-16
8398.71553984238  1.473705E-16
8402.78059965609  1.409793E-16
8406.8456594698  1.464349E-16
8410.9107192835  1.542092E-16
8414.97577909721  1.473040E-16
8419.04083891091  1.521534E-16
8423.10589872462  1.448283E-16
8427.17095853832  1.443982E-16
8431.23601835203  1.461154E-16
8435.30107816573  1.376816E-16
8439.36613797944  1.505386E-16
8443.43119779315  1.506426E-16
8447.49625760685  1.406774E-16
8451.56131742056  1.399573E-16
8455.62637723426  1.283005E-16
8459.69143704797  1.309558E-16
8463.75649686167  1.604375E-16
8467.82155667538  1.643280E-16
8471.88661648908  1.457271E-16
8475.95167630279  1.385806E-16
8480.0167361165  1.428951E-16
8484.0817959302  1.533744E-16
8488.14685574391  1.522782E-16
8492.21191555761  1.488964E-16
8496.27697537132  1.461948E-16
8500.34203518502  1.395970E-16
8504.40709499873  1.437815E-16
8508.47215481243  1.506219E-16
8512.53721462614  1.525400E-16
8516.60227443985  1.514686E-16
8520.66733425355  1.446276E-16
8524.73239406726  1.472974E-16
8528.79745388096  1.515612E-16
8532.86251369467  1.465077E-16
8536.92757350837  1.438333E-16
8540.99263332208  1.409826E-16
8545.05769313579  1.416619E-16
8549.12275294949  1.481237E-16
8553.1878127632  1.467133E-16
8557.2528725769  1.373386E-16
8561.31793239061  1.405307E-16
8565.38299220431  1.463957E-16
8569.44805201802  1.386779E-16
8573.51311183173  1.421935E-16
8577.57817164543  1.394195E-16
8581.64323145914  1.429167E-16
8585.70829127284  1.397401E-16
8589.77335108655  1.461737E-16
8593.83841090025  1.463247E-16
8597.90347071396  1.527890E-16
8601.96853052766  1.575775E-16
8606.03359034137  1.546638E-16
8610.09865015508  1.569081E-16
8614.16370996878  1.618857E-16
8618.22876978249  1.644569E-16
8622.29382959619  1.517700E-16
8626.3588894099  1.463136E-16
8630.4239492236  1.547555E-16
8634.48900903731  1.469278E-16
8638.55406885102  1.419852E-16
8642.61912866472  1.422012E-16
8646.68418847843  1.365441E-16
8650.74924829213  1.405864E-16
8654.81430810584  1.426526E-16
8658.87936791954  1.372407E-16
8662.94442773325  1.374366E-16
8667.00948754695  1.455685E-16
8671.07454736066  1.471638E-16
8675.13960717437  1.480496E-16
8679.20466698807  1.448682E-16
8683.26972680178  1.415543E-16
8687.33478661548  1.470635E-16
8691.39984642919  1.370844E-16
8695.46490624289  1.382171E-16
8699.5299660566  1.429891E-16
8703.59502587031  1.410657E-16
8707.66008568401  1.449527E-16
8711.72514549772  1.318315E-16
8715.79020531142  1.250048E-16
8719.85526512513  1.218412E-16
8723.92032493883  1.307010E-16
8727.98538475254  1.378946E-16
8732.05044456624  1.333324E-16
8736.11550437995  1.228554E-16
8740.18056419365  1.200527E-16
8744.24562400736  1.295635E-16
8748.31068382107  1.398729E-16
8752.37574363477  1.422729E-16
8756.44080344848  1.225215E-16
8760.50586326219  1.291909E-16
8764.57092307589  1.506796E-16
8768.6359828896  1.141622E-16
8772.7010427033  1.140287E-16
8776.76610251701  1.192132E-16
8780.83116233071  1.275798E-16
8784.89622214442  1.260406E-16
8788.96128195812  1.305423E-16
8793.02634177183  1.239112E-16
8797.09140158553  1.227978E-16
8801.15646139924  1.295323E-16
8805.22152121295  1.283094E-16
8809.28658102665  1.308319E-16
8813.35164084036  1.296532E-16
8817.41670065406  1.071552E-16
8821.48176046777  9.135118E-17
8825.54682028147  1.001822E-16
8829.61188009518  1.011865E-16
8833.67693990889  8.447169E-17
8837.74199972259  1.045377E-16
8841.8070595363  1.230636E-16
8845.87211935  1.371830E-16
8849.93717916371  1.434968E-16
8854.00223897741  1.307057E-16
8858.06729879112  1.154726E-16
8862.13235860483  1.139369E-16
8866.19741841853  1.303083E-16
8870.26247823223  1.343797E-16
8874.32753804594  1.473936E-16
8878.39259785964  1.713197E-16
8882.45765767335  1.472094E-16
8886.52271748706  1.188055E-16
8890.58777730076  1.040495E-16
8894.65283711447  1.082390E-16
8898.71789692817  1.227879E-16
8902.78295674188  1.330812E-16
8906.84801655558  1.285018E-16
8910.91307636929  1.159587E-16
8914.978136183  1.241126E-16
8919.0431959967  1.245847E-16
8923.10825581041  1.209685E-16
8927.17331562411  1.176063E-16
8931.23837543782  1.301006E-16
8935.30343525152  1.300232E-16
8939.36849506523  1.372366E-16
8943.43355487894  1.250782E-16
8947.49861469264  1.092372E-16
8951.56367450635  1.225949E-16
8955.62873432005  1.279830E-16
8959.69379413376  1.468416E-16
8963.75885394746  1.637614E-16
8967.82391376117  1.407717E-16
8971.88897357488  1.329116E-16
8975.95403338858  1.345008E-16
8980.01909320229  1.271477E-16
8984.08415301599  1.273491E-16
8988.1492128297  1.227784E-16
8992.2142726434  1.306042E-16
8996.27933245711  1.424979E-16
9000.34439227082  1.408218E-16
9004.40945208452  1.364153E-16
9008.47451189823  1.199268E-16
9012.53957171193  1.193953E-16
9016.60463152564  1.310346E-16
9020.66969133934  1.287758E-16
9024.73475115305  1.307830E-16
9028.79981096675  1.433772E-16
9032.86487078046  1.400705E-16
9036.92993059417  1.203901E-16
9040.99499040787  1.234862E-16
9045.06005022158  1.328290E-16
9049.12511003528  1.356635E-16
9053.19016984899  1.294154E-16
9057.25522966269  1.276119E-16
9061.3202894764  1.259360E-16
9065.38534929011  1.245680E-16
9069.45040910381  1.279975E-16
9073.51546891752  1.312313E-16
9077.58052873122  1.282791E-16
9081.64558854493  1.260346E-16
9085.71064835863  1.257014E-16
9089.77570817234  1.233943E-16
9093.84076798604  1.236235E-16
9097.90582779975  1.252739E-16
9101.97088761346  1.219376E-16
9106.03594742716  1.217729E-16
9110.10100724087  1.211394E-16
9114.16606705457  1.162045E-16
9118.23112686828  1.165028E-16
9122.29618668198  1.218577E-16
9126.36124649569  1.363408E-16
9130.42630630939  1.275171E-16
9134.4913661231  1.235440E-16
9138.55642593681  1.388120E-16
9142.62148575051  1.373129E-16
9146.68654556422  1.301361E-16
9150.75160537792  1.267719E-16
9154.81666519163  1.186144E-16
9158.88172500533  1.210080E-16
9162.94678481904  1.315185E-16
9167.01184463274  1.271412E-16
9171.07690444645  1.271711E-16
9175.14196426016  1.366505E-16
9179.20702407386  1.441462E-16
9183.27208388757  1.299820E-16
9187.33714370127  1.251367E-16
9191.40220351498  1.427602E-16
9195.46726332868  1.423697E-16
9199.53232314239  1.258760E-16
9203.5973829561  1.336490E-16
9207.6624427698  1.470210E-16
9211.72750258351  1.414647E-16
9215.79256239721  1.330138E-16
9219.85762221092  1.346313E-16
9223.92268202463  1.416878E-16
9227.98774183833  1.340199E-16
9232.05280165204  1.275770E-16
9236.11786146574  1.369114E-16
9240.18292127944  1.292251E-16
9244.24798109315  1.324662E-16
9248.31304090686  1.408444E-16
9252.37810072056  1.304264E-16
9256.44316053427  1.392944E-16
9260.50822034797  1.377553E-16
9264.57328016168  1.282773E-16
9268.63833997539  1.092803E-16
9272.70339978909  1.213893E-16
9276.7684596028  1.346614E-16
9280.8335194165  1.374016E-16
9284.89857923021  1.269149E-16
9288.96363904391  1.409130E-16
9293.02869885762  1.334034E-16
9297.09375867132  1.186034E-16
9301.15881848503  1.417759E-16
9305.22387829874  1.567591E-16
9309.28893811244  9.884339E-17
9313.35399792615  1.073981E-16
9317.41905773985  1.325625E-16
9321.48411755356  1.226062E-16
9325.54917736726  1.413684E-16
9329.61423718097  1.325151E-16
9333.67929699467  9.903036E-17
9337.74435680838  1.116167E-16
9341.80941662209  1.173710E-16
9345.87447643579  1.010244E-16
9349.9395362495  1.055766E-16
9354.0045960632  1.049190E-16
9358.06965587691  9.417568E-17
9362.13471569061  8.479288E-17
9366.19977550432  9.064295E-17
9370.26483531803  1.122075E-16
9374.32989513173  1.362620E-16
9378.39495494544  1.295143E-16
9382.46001475914  1.273848E-16
9386.52507457285  9.847782E-17
9390.59013438655  1.219096E-16
9394.65519420026  1.154616E-16
9398.72025401396  1.063807E-16
9402.78531382767  8.716680E-17
9406.85037364138  9.829078E-17
9410.91543345508  1.367524E-16
9414.98049326879  1.187600E-16
9419.04555308249  1.106067E-16
9423.1106128962  1.183341E-16
9427.1756727099  9.272308E-17
9431.24073252361  1.280230E-16
9435.30579233732  1.270709E-16
9439.37085215102  1.206977E-16
9443.43591196473  1.316912E-16
9447.50097177843  1.238767E-16
9451.56603159214  1.280004E-16
9455.63109140584  1.295166E-16
9459.69615121955  1.203319E-16
9463.76121103326  1.273495E-16
9467.82627084696  1.386832E-16
9471.89133066067  1.204301E-16
9475.95639047437  1.054187E-16
9480.02145028808  1.221572E-16
9484.08651010178  1.323565E-16
9488.15156991549  1.279258E-16
9492.21662972919  1.153482E-16
9496.2816895429  1.051209E-16
9500.34674935661  1.054873E-16
9504.41180917031  1.224632E-16
9508.47686898402  1.363790E-16
9512.54192879772  1.208923E-16
9516.60698861143  1.101402E-16
9520.67204842513  1.107959E-16
9524.73710823884  1.114722E-16
9528.80216805255  1.072206E-16
9532.86722786625  1.078292E-16
9536.93228767996  9.948807E-17
9540.99734749366  1.281252E-16
9545.06240730737  1.405459E-16
9549.12746712107  1.166370E-16
9553.19252693478  8.921799E-17
9557.25758674849  1.169438E-16
9561.32264656219  1.106318E-16
9565.3877063759  1.028616E-16
9569.4527661896  1.085913E-16
9573.51782600331  9.632193E-17
9577.58288581701  1.013866E-16
9581.64794563072  9.587130E-17
9585.71300544442  9.436088E-17
9589.77806525813  1.096324E-16
9593.84312507184  1.143634E-16
9597.90818488554  1.082339E-16
9601.97324469925  1.130625E-16
9606.03830451295  1.212013E-16
9610.10336432666  1.140838E-16
9614.16842414036  1.008402E-16
9618.23348395407  1.158425E-16
9622.29854376777  1.092348E-16
9626.36360358148  1.003445E-16
9630.42866339518  1.055784E-16
9634.49372320889  1.187410E-16
9638.5587830226  1.152116E-16
9642.6238428363  9.097872E-17
9646.68890265001  1.129766E-16
9650.75396246371  1.357034E-16
9654.81902227742  1.100209E-16
9658.88408209112  1.198408E-16
9662.94914190483  1.302648E-16
9667.01420171854  1.164025E-16
9671.07926153224  1.120637E-16
9675.14432134595  1.313484E-16
9679.20938115965  1.147222E-16
9683.27444097336  1.173501E-16
9687.33950078707  1.063241E-16
9691.40456060077  9.786668E-17
9695.46962041447  1.074656E-16
9699.53468022818  9.374718E-17
9703.59974004188  1.355584E-16
9707.66479985559  1.563634E-16
9711.7298596693  1.185743E-16
9715.794919483  1.266328E-16
9719.85997929671  1.662182E-16
9723.92503911042  1.430494E-16
9727.99009892412  1.089204E-16
9732.05515873783  1.057225E-16
9736.12021855153  9.131441E-17
9740.18527836524  1.083083E-16
9744.25033817894  1.327504E-16
9748.31539799265  1.024226E-16
9752.38045780635  1.060602E-16
9756.44551762006  8.873788E-17
9760.51057743377  1.018826E-16
9764.57563724747  1.117690E-16
9768.64069706118  1.182090E-16
9772.70575687488  1.149868E-16
9776.77081668859  1.145096E-16
9780.83587650229  1.423398E-16
9784.900936316  1.305855E-16
9788.9659961297  7.585833E-17
9793.03105594341  9.015778E-17
9797.09611575712  1.110061E-16
9801.16117557082  1.231569E-16
9805.22623538453  1.441790E-16
9809.29129519823  1.340840E-16
9813.35635501194  1.446392E-16
9817.42141482564  1.827179E-16
9821.48647463935  1.882574E-16
9825.55153445306  1.724453E-16
9829.61659426676  1.538318E-16
9833.68165408047  1.146647E-16
9837.74671389417  1.016592E-16
9841.81177370788  1.582596E-16
9845.87683352158  1.506349E-16
9849.94189333529  1.032773E-16
9854.00695314899  1.189195E-16
9858.0720129627  1.321274E-16
9862.1370727764  1.291442E-16
9866.20213259011  1.375790E-16
9870.26719240382  1.552006E-16
9874.33225221752  1.383616E-16
9878.39731203123  7.704414E-17
9882.46237184493  9.942918E-17
9886.52743165864  1.286716E-16
9890.59249147234  1.347998E-16
9894.65755128605  1.666703E-16
9898.72261109976  1.671264E-16
9902.78767091346  1.488833E-16
9906.85273072717  1.541755E-16
9910.91779054087  1.556581E-16
9914.98285035458  1.346052E-16
9919.04791016828  1.350746E-16
9923.11296998199  1.545498E-16
9927.17802979569  1.528466E-16
9931.2430896094  1.637768E-16
9935.30814942311  1.643921E-16
9939.37320923681  1.499824E-16
9943.43826905052  1.227482E-16
9947.50332886422  6.180613E-17
9951.56838867793  9.191843E-17
9955.63344849164  1.477351E-16
9959.69850830534  1.744261E-16
9963.76356811905  1.597705E-16
9967.82862793275  1.059670E-16
9971.89368774646  6.602409E-17
9975.95874756016  6.157201E-17
9980.02380737387  1.027990E-16
9984.08886718757  1.070430E-16
