3340.7763671875  2.575398E-16
3344.85675266009  2.389496E-16
3348.93713813267  2.546606E-16
3353.01752360526  1.521117E-16
3357.09790907784  2.253792E-16
3361.17829455043  1.760712E-16
3365.25868002301  2.103025E-16
3369.33906549559  2.489201E-16
3373.41945096818  2.140418E-16
3377.49983644076  2.498624E-16
3381.58022191335  2.446284E-16
3385.66060738593  2.459863E-16
3389.74099285852  2.480535E-16
3393.8213783311  2.090022E-16
3397.90176380369  2.535043E-16
****************  2.514175E-16
3406.06253474885  2.709249E-16
3410.14292022144  2.324115E-16
3414.22330569402  2.605426E-16
3418.30369116661  2.423736E-16
3422.38407663919  2.418379E-16
3426.46446211178  2.362629E-16
3430.54484758436  2.383455E-16
****************  2.407851E-16
3438.70561852953  2.202531E-16
3442.78600400211  2.244834E-16
3446.8663894747  2.363755E-16
3450.94677494728  2.229449E-16
3455.02716041987  2.438287E-16
3459.10754589245  2.613973E-16
3463.18793136504  2.764773E-16
3467.26831683762  2.766185E-16
3471.3487023102  2.745605E-16
3475.42908778279  2.636199E-16
3479.50947325537  2.801059E-16
3483.58985872796  2.601642E-16
3487.67024420054  2.553631E-16
3491.75062967313  2.349858E-16
3495.83101514571  2.585962E-16
3499.9114006183  2.533537E-16
3503.99178609088  2.607231E-16
3508.07217156346  2.843453E-16
3512.15255703605  2.737947E-16
3516.23294250863  2.732622E-16
3520.31332798122  2.679220E-16
3524.3937134538  2.774743E-16
3528.47409892639  2.324416E-16
3532.55448439897  2.425876E-16
3536.63486987156  2.463637E-16
3540.71525534414  2.637055E-16
3544.79564081672  2.396741E-16
3548.87602628931  2.466398E-16
3552.95641176189  2.523234E-16
3557.03679723448  2.428617E-16
3561.11718270706  2.481432E-16
3565.19756817965  2.252812E-16
3569.27795365223  2.455031E-16
3573.35833912482  2.578510E-16
3577.4387245974  2.406962E-16
3581.51911006998  2.460809E-16
3585.59949554257  2.363748E-16
3589.67988101515  2.543823E-16
3593.76026648774  2.414967E-16
3597.84065196032  2.434397E-16
3601.92103743291  2.471658E-16
3606.00142290549  2.501161E-16
3610.08180837808  2.523321E-16
3614.16219385066  2.551630E-16
3618.24257932324  2.607587E-16
3622.32296479583  2.441012E-16
3626.40335026841  2.357637E-16
3630.483735741  2.560040E-16
3634.56412121358  2.587351E-16
3638.64450668617  2.613516E-16
3642.72489215875  2.389880E-16
3646.80527763133  2.406105E-16
3650.88566310392  2.434521E-16
3654.9660485765  2.454755E-16
3659.04643404909  2.320984E-16
3663.12681952167  2.617972E-16
3667.20720499426  2.600347E-16
3671.28759046684  2.555898E-16
3675.36797593943  2.507144E-16
3679.44836141201  2.470451E-16
3683.5287468846  2.528071E-16
3687.60913235718  2.509829E-16
3691.68951782976  2.635749E-16
3695.76990330235  2.737301E-16
3699.85028877493  2.572618E-16
3703.93067424752  2.678886E-16
3708.0110597201  2.427072E-16
3712.09144519268  2.532729E-16
3716.17183066527  2.644457E-16
3720.25221613785  2.634364E-16
3724.33260161044  2.530614E-16
3728.41298708302  2.525514E-16
3732.49337255561  2.545043E-16
3736.57375802819  2.502340E-16
3740.65414350078  2.554770E-16
3744.73452897336  2.555707E-16
3748.81491444594  2.526139E-16
3752.89529991853  2.529068E-16
3756.97568539111  2.537557E-16
3761.0560708637  2.502149E-16
3765.13645633628  2.394658E-16
3769.21684180887  2.451780E-16
3773.29722728145  2.611843E-16
3777.37761275404  2.643164E-16
3781.45799822662  2.482247E-16
3785.53838369921  2.284210E-16
3789.61876917179  2.503795E-16
3793.69915464437  2.470041E-16
3797.77954011696  2.572904E-16
3801.85992558954  2.380578E-16
3805.94031106213  2.400089E-16
3810.02069653471  2.526452E-16
3814.1010820073  2.570354E-16
3818.18146747988  2.364944E-16
3822.26185295246  2.250832E-16
3826.34223842505  2.403719E-16
3830.42262389763  2.498151E-16
3834.50300937022  2.531553E-16
3838.5833948428  2.504911E-16
3842.66378031539  2.500105E-16
3846.74416578797  2.448268E-16
3850.82455126056  2.496097E-16
3854.90493673314  2.476411E-16
3858.98532220572  2.610634E-16
3863.06570767831  2.532287E-16
3867.14609315089  2.501692E-16
3871.22647862348  2.423690E-16
3875.30686409606  2.347328E-16
3879.38724956865  2.456907E-16
3883.46763504123  2.543089E-16
3887.54802051381  2.522908E-16
3891.6284059864  2.544585E-16
3895.70879145898  2.570208E-16
3899.78917693157  2.480948E-16
3903.86956240415  2.473283E-16
3907.94994787674  2.588814E-16
3912.03033334932  2.462708E-16
3916.11071882191  2.462601E-16
3920.19110429449  2.449982E-16
3924.27148976707  2.435594E-16
3928.35187523966  2.488202E-16
3932.43226071224  2.377790E-16
3936.51264618483  2.502161E-16
3940.59303165741  2.520140E-16
3944.67341713  2.384143E-16
3948.75380260258  2.271045E-16
3952.83418807517  2.469005E-16
3956.91457354775  2.472949E-16
3960.99495902034  2.454412E-16
3965.07534449292  2.507221E-16
3969.1557299655  2.609558E-16
3973.23611543809  2.584697E-16
3977.31650091067  2.359382E-16
3981.39688638326  2.428450E-16
3985.47727185584  2.560893E-16
3989.55765732843  2.529841E-16
3993.63804280101  2.408336E-16
3997.71842827359  2.408244E-16
4001.79881374618  2.423628E-16
****************  2.495746E-16
4009.95958469135  2.455163E-16
4014.03997016393  2.450113E-16
****************  2.603175E-16
4022.2007411091  2.510423E-16
4026.28112658169  2.638678E-16
4030.36151205427  2.504816E-16
4034.44189752685  2.545382E-16
****************  2.532550E-16
4042.60266847202  2.541215E-16
4046.68305394461  2.474503E-16
4050.76343941719  2.488754E-16
****************  2.575957E-16
4058.92421036236  2.436275E-16
4063.00459583495  2.317818E-16
4067.08498130753  2.474545E-16
4071.16536678011  2.492423E-16
4075.2457522527  2.392307E-16
4079.32613772528  2.399015E-16
4083.40652319787  2.416042E-16
4087.48690867045  2.408748E-16
4091.56729414304  2.320624E-16
4095.64767961562  2.400457E-16
4099.72806508821  2.410466E-16
4103.80845056079  2.420002E-16
4107.88883603337  2.385477E-16
4111.96922150596  2.374761E-16
****************  2.357162E-16
4120.12999245113  2.393683E-16
****************  2.415263E-16
4128.29076339629  2.334789E-16
4132.37114886888  2.394383E-16
4136.45153434146  2.435262E-16
****************  2.321044E-16
4144.61230528663  2.323349E-16
4148.69269075922  2.248376E-16
4152.7730762318  2.213406E-16
4156.85346170439  2.333085E-16
4160.93384717697  2.290999E-16
****************  2.296895E-16
4169.09461812214  2.390468E-16
4173.17500359472  2.331526E-16
4177.25538906731  2.295541E-16
4181.33577453989  2.364167E-16
4185.41616001248  2.354272E-16
****************  2.385640E-16
4193.57693095765  2.265058E-16
4197.65731643023  2.261938E-16
4201.73770190282  2.286192E-16
4205.8180873754  2.231171E-16
4209.89847284798  2.246999E-16
4213.97885832057  2.304234E-16
4218.05924379315  2.246254E-16
4222.13962926574  2.334225E-16
4226.22001473832  2.333233E-16
4230.30040021091  2.215844E-16
4234.38078568349  2.242054E-16
4238.46117115607  2.310175E-16
4242.54155662866  2.272609E-16
4246.62194210124  2.168067E-16
4250.70232757383  2.211723E-16
4254.78271304641  2.178862E-16
4258.863098519  2.267039E-16
4262.94348399158  2.310826E-16
4267.02386946417  2.308579E-16
****************  2.200437E-16
4275.18464040933  2.164792E-16
4279.26502588192  2.237143E-16
4283.3454113545  2.190264E-16
4287.42579682709  2.100114E-16
4291.50618229967  2.317988E-16
4295.58656777226  2.255633E-16
4299.66695324484  2.215864E-16
4303.74733871743  2.212772E-16
****************  2.139648E-16
4311.90810966259  2.145836E-16
4315.98849513518  2.200398E-16
4320.06888060776  2.146410E-16
4324.14926608035  2.075472E-16
4328.22965155293  2.123073E-16
4332.31003702552  2.142265E-16
4336.3904224981  2.214160E-16
4340.47080797069  2.203170E-16
4344.55119344327  2.118662E-16
4348.63157891585  2.193797E-16
4352.71196438844  2.244988E-16
4356.79234986102  2.211844E-16
4360.87273533361  2.225425E-16
4364.95312080619  2.104876E-16
4369.03350627878  2.185534E-16
4373.11389175136  2.157437E-16
4377.19427722394  2.194659E-16
4381.27466269653  2.091620E-16
4385.35504816911  2.043417E-16
4389.4354336417  2.109167E-16
4393.51581911428  2.114324E-16
4397.59620458687  2.095972E-16
4401.67659005945  2.141738E-16
4405.75697553204  2.075018E-16
4409.83736100462  2.119815E-16
****************  2.088981E-16
4417.99813194979  2.036999E-16
4422.07851742237  2.110813E-16
4426.15890289496  2.024993E-16
4430.23928836754  1.920598E-16
4434.31967384013  2.070929E-16
4438.40005931271  1.941078E-16
4442.4804447853  1.888365E-16
4446.56083025788  2.117057E-16
4450.64121573047  2.054297E-16
4454.72160120305  2.094642E-16
4458.80198667563  2.079391E-16
4462.88237214822  2.012983E-16
4466.9627576208  2.074278E-16
4471.04314309339  1.982693E-16
4475.12352856597  1.974967E-16
4479.20391403856  2.052187E-16
4483.28429951114  2.029781E-16
****************  2.053786E-16
4491.44507045631  1.977732E-16
4495.52545592889  2.012250E-16
4499.60584140148  1.991825E-16
4503.68622687406  1.958969E-16
4507.76661234665  2.031276E-16
4511.84699781923  2.019035E-16
4515.92738329182  1.952850E-16
4520.0077687644  1.938971E-16
4524.08815423699  1.962094E-16
4528.16853970957  1.937747E-16
4532.24892518215  1.934311E-16
4536.32931065474  1.937087E-16
4540.40969612732  1.948479E-16
4544.49008159991  1.882214E-16
4548.57046707249  2.032519E-16
4552.65085254508  2.023986E-16
4556.73123801766  1.952625E-16
4560.81162349024  1.869773E-16
4564.89200896283  1.924359E-16
4568.97239443541  2.043549E-16
4573.052779908  1.978086E-16
4577.13316538058  1.986751E-16
4581.21355085317  1.951490E-16
4585.29393632575  1.915185E-16
4589.37432179834  1.863172E-16
4593.45470727092  1.934967E-16
4597.5350927435  1.895903E-16
4601.61547821609  1.886011E-16
4605.69586368867  1.901324E-16
4609.77624916126  1.828209E-16
4613.85663463384  1.791461E-16
4617.93702010643  1.767502E-16
4622.01740557901  1.744412E-16
4626.09779105159  1.821655E-16
4630.17817652418  1.857150E-16
4634.25856199676  1.877321E-16
4638.33894746935  1.822784E-16
4642.41933294193  1.979575E-16
4646.49971841452  1.914367E-16
4650.5801038871  1.932381E-16
4654.66048935969  1.948452E-16
4658.74087483227  1.780701E-16
4662.82126030485  1.852770E-16
4666.90164577744  1.978658E-16
4670.98203125002  1.914594E-16
4675.06241672261  1.728928E-16
4679.14280219519  1.864485E-16
4683.22318766778  1.886457E-16
4687.30357314036  1.887293E-16
4691.38395861294  1.874252E-16
4695.46434408553  1.838911E-16
4699.54472955812  1.778064E-16
4703.6251150307  1.777311E-16
4707.70550050328  1.857880E-16
****************  1.869636E-16
4715.86627144845  1.844844E-16
4719.94665692104  1.817882E-16
4724.02704239362  1.754742E-16
4728.1074278662  1.817226E-16
4732.18781333879  1.971669E-16
****************  1.891061E-16
4740.34858428396  1.906908E-16
****************  1.872247E-16
4748.50935522913  1.890487E-16
4752.58974070171  1.943019E-16
4756.6701261743  1.823179E-16
4760.75051164688  1.769291E-16
4764.83089711947  1.765463E-16
4768.91128259205  1.828823E-16
4772.99166806463  1.823892E-16
4777.07205353722  1.736546E-16
***************  1.908320E-16
4785.23282448239  1.820754E-16
4789.31320995497  1.739013E-16
4793.39359542756  1.817756E-16
4797.47398090014  1.810254E-16
4801.55436637272  1.888348E-16
4805.63475184531  1.846891E-16
4809.71513731789  1.768447E-16
4813.79552279048  1.845569E-16
4817.87590826306  1.738513E-16
4821.95629373565  1.762561E-16
4826.03667920823  1.906520E-16
****************  1.932745E-16
4834.1974501534  1.832298E-16
4838.27783562598  1.737640E-16
4842.35822109857  1.741002E-16
****************  1.781192E-16
4850.51899204374  1.769923E-16
4854.59937751632  1.711591E-16
4858.67976298891  1.777746E-16
4862.76014846149  1.766537E-16
4866.84053393408  1.782663E-16
4870.92091940666  1.820237E-16
4875.00130487924  1.828436E-16
4879.08169035183  1.724184E-16
4883.16207582441  1.697027E-16
**************  1.716222E-16
4891.32284676958  1.775479E-16
****************  1.612136E-16
4899.48361771475  1.616822E-16
4903.56400318733  1.770755E-16
4907.64438865992  1.833058E-16
4911.7247741325  1.832539E-16
4915.80515960509  1.812378E-16
4919.88554507767  1.859591E-16
4923.96593055026  1.831883E-16
4928.04631602284  1.874117E-16
4932.12670149543  1.792052E-16
****************  1.887006E-16
4940.2874724406  1.853686E-16
4944.36785791318  1.704729E-16
4948.44824338576  1.819716E-16
4952.52862885835  1.919287E-16
4956.60901433093  1.851774E-16
4960.68939980352  1.785856E-16
4964.7697852761  1.791869E-16
4968.85017074869  1.865050E-16
4972.93055622127  1.963585E-16
4977.01094169385  1.810002E-16
4981.09132716644  1.818258E-16
4985.17171263902  1.875253E-16
4989.25209811161  1.867654E-16
4993.33248358419  1.852845E-16
4997.41286905678  2.013379E-16
5001.49325452936  1.829256E-16
5005.57364000195  1.848301E-16
5009.65402547453  1.788516E-16
5013.73441094711  1.798103E-16
5017.8147964197  1.748147E-16
5021.89518189228  1.819377E-16
5025.97556736487  1.819691E-16
5030.05595283745  1.772460E-16
5034.13633831004  1.733565E-16
5038.21672378262  1.803002E-16
5042.29710925521  1.849508E-16
5046.37749472779  1.790908E-16
5050.45788020037  1.817047E-16
5054.53826567296  1.732098E-16
5058.61865114554  1.708917E-16
5062.69903661813  1.715477E-16
5066.77942209071  1.670186E-16
5070.8598075633  1.789992E-16
5074.94019303588  1.791419E-16
5079.02057850846  1.700743E-16
5083.10096398105  1.788138E-16
5087.18134945364  1.843722E-16
5091.26173492622  1.685217E-16
5095.3421203988  1.597685E-16
5099.42250587139  1.667054E-16
5103.50289134397  1.802303E-16
5107.58327681656  1.856932E-16
5111.66366228914  1.738792E-16
5115.74404776172  1.648566E-16
5119.82443323431  1.647016E-16
5123.90481870689  1.749739E-16
5127.98520417948  1.709397E-16
5132.06558965206  1.739831E-16
5136.14597512465  1.701975E-16
5140.22636059723  1.673275E-16
5144.30674606981  1.567097E-16
5148.3871315424  1.645168E-16
5152.46751701499  1.620428E-16
5156.54790248757  1.650367E-16
5160.62828796015  1.649257E-16
5164.70867343274  1.688744E-16
5168.78905890532  1.734358E-16
5172.86944437791  1.686288E-16
5176.94982985049  1.649897E-16
5181.03021532308  1.632963E-16
5185.11060079566  1.655993E-16
5189.19098626824  1.693431E-16
5193.27137174083  1.707136E-16
5197.35175721341  1.719831E-16
5201.432142686  1.632712E-16
5205.51252815858  1.609551E-16
5209.59291363117  1.669799E-16
5213.67329910375  1.703839E-16
5217.75368457634  1.645283E-16
5221.83407004892  1.638374E-16
5225.9144555215  1.715688E-16
5229.99484099409  1.692778E-16
5234.07522646667  1.667304E-16
5238.15561193926  1.658658E-16
5242.23599741184  1.513533E-16
5246.31638288443  1.583575E-16
5250.39676835701  1.625503E-16
5254.4771538296  1.548840E-16
5258.55753930218  1.699102E-16
5262.63792477476  1.660316E-16
5266.71831024735  1.584135E-16
5270.79869571993  1.560497E-16
5274.87908119252  1.634413E-16
5278.9594666651  1.599747E-16
5283.03985213769  1.643318E-16
5287.12023761027  1.597675E-16
5291.20062308285  1.569232E-16
5295.28100855544  1.590067E-16
5299.36139402802  1.544606E-16
5303.44177950061  1.592038E-16
5307.52216497319  1.518557E-16
5311.60255044578  1.589229E-16
5315.68293591836  1.619268E-16
5319.76332139095  1.569269E-16
5323.84370686353  1.632401E-16
5327.92409233611  1.660115E-16
5332.0044778087  1.718132E-16
5336.08486328128  1.677804E-16
5340.16524875387  1.677756E-16
5344.24563422645  1.672898E-16
5348.32601969904  1.714373E-16
5352.40640517162  1.718954E-16
5356.48679064421  1.630284E-16
5360.56717611679  1.687063E-16
5364.64756158938  1.708943E-16
5368.72794706196  1.633671E-16
5372.80833253454  1.610335E-16
5376.88871800713  1.582206E-16
5380.96910347971  1.538395E-16
5385.0494889523  1.629538E-16
5389.12987442488  1.684160E-16
5393.21025989747  1.645078E-16
5397.29064537005  1.530917E-16
5401.37103084263  1.652258E-16
5405.45141631522  1.591461E-16
5409.5318017878  1.587930E-16
5413.61218726039  1.599776E-16
5417.69257273297  1.655637E-16
5421.77295820556  1.644949E-16
5425.85334367814  1.665791E-16
5429.93372915073  1.579369E-16
5434.01411462331  1.601005E-16
5438.09450009589  1.595744E-16
5442.17488556848  1.573231E-16
5446.25527104106  1.604887E-16
5450.33565651365  1.683697E-16
5454.41604198623  1.627111E-16
5458.49642745882  1.556627E-16
5462.5768129314  1.645598E-16
5466.65719840398  1.652225E-16
5470.73758387657  1.657007E-16
5474.81796934915  1.593167E-16
5478.89835482174  1.549573E-16
5482.97874029432  1.632785E-16
5487.05912576691  1.583046E-16
5491.13951123949  1.590743E-16
5495.21989671208  1.776841E-16
5499.30028218466  1.616535E-16
5503.38066765724  1.597199E-16
5507.46105312983  1.592034E-16
5511.54143860241  1.543556E-16
5515.621824075  1.595756E-16
5519.70220954758  1.552531E-16
5523.78259502017  1.583906E-16
5527.86298049275  1.637398E-16
5531.94336596534  1.591166E-16
5536.02375143792  1.604930E-16
5540.1041369105  1.560237E-16
5544.18452238309  1.551892E-16
5548.26490785567  1.587578E-16
5552.34529332826  1.485932E-16
5556.42567880084  1.556972E-16
5560.50606427343  1.556290E-16
5564.58644974601  1.617495E-16
5568.66683521859  1.587633E-16
5572.74722069118  1.663590E-16
5576.82760616376  1.597054E-16
5580.90799163635  1.476593E-16
5584.98837710893  1.661492E-16
5589.06876258152  1.668641E-16
5593.1491480541  1.628687E-16
5597.22953352669  1.668819E-16
5601.30991899927  1.618085E-16
5605.39030447185  1.561475E-16
5609.47068994444  1.485679E-16
5613.55107541702  1.535939E-16
5617.63146088961  1.561881E-16
5621.71184636219  1.538337E-16
5625.79223183478  1.589582E-16
5629.87261730736  1.602268E-16
5633.95300277995  1.583100E-16
5638.03338825253  1.653978E-16
5642.11377372511  1.611752E-16
5646.1941591977  1.523974E-16
5650.27454467028  1.518227E-16
5654.35493014287  1.480766E-16
5658.43531561545  1.583731E-16
5662.51570108804  1.579680E-16
5666.59608656062  1.554113E-16
5670.67647203321  1.568412E-16
5674.75685750579  1.481198E-16
5678.83724297837  1.494640E-16
5682.91762845096  1.609752E-16
5686.99801392354  1.577777E-16
5691.07839939613  1.475283E-16
5695.15878486871  1.625638E-16
5699.2391703413  1.733959E-16
5703.31955581388  1.557375E-16
5707.39994128646  1.448929E-16
5711.48032675905  1.489854E-16
5715.56071223163  1.632058E-16
5719.64109770422  1.535719E-16
5723.7214831768  1.476809E-16
5727.80186864939  1.545346E-16
5731.88225412197  1.504747E-16
5735.96263959456  1.535391E-16
5740.04302506714  1.486974E-16
5744.12341053973  1.451968E-16
5748.20379601231  1.456713E-16
5752.28418148489  1.507923E-16
5756.36456695748  1.509696E-16
5760.44495243006  1.482175E-16
5764.52533790265  1.451010E-16
5768.60572337523  1.484589E-16
5772.68610884782  1.467521E-16
5776.7664943204  1.438195E-16
5780.84687979298  1.447152E-16
5784.92726526557  1.459770E-16
5789.00765073815  1.441122E-16
5793.08803621074  1.367105E-16
5797.16842168332  1.335010E-16
5801.24880715591  1.369980E-16
5805.32919262849  1.428994E-16
5809.40957810108  1.381021E-16
5813.48996357366  1.494794E-16
5817.57034904624  1.517816E-16
5821.65073451883  1.486198E-16
5825.73111999141  1.494113E-16
5829.811505464  1.409336E-16
5833.89189093658  1.364197E-16
5837.97227640917  1.451563E-16
5842.05266188175  1.538490E-16
5846.13304735434  1.490364E-16
5850.21343282692  1.521933E-16
5854.29381829951  1.455466E-16
5858.37420377209  1.358715E-16
5862.45458924467  1.462928E-16
5866.53497471726  1.469509E-16
5870.61536018984  1.405019E-16
5874.69574566243  1.350270E-16
5878.77613113501  1.331724E-16
5882.8565166076  1.387840E-16
5886.93690208018  1.382143E-16
5891.01728755276  1.426377E-16
5895.09767302535  1.413862E-16
5899.17805849793  1.368908E-16
5903.25844397052  1.398883E-16
5907.3388294431  1.527030E-16
5911.41921491569  1.472369E-16
5915.49960038827  1.391085E-16
5919.57998586086  1.441465E-16
5923.66037133344  1.464211E-16
5927.74075680602  1.452006E-16
5931.82114227861  1.402454E-16
5935.90152775119  1.442947E-16
5939.98191322378  1.406991E-16
5944.06229869636  1.500060E-16
5948.14268416894  1.386073E-16
5952.22306964153  1.459863E-16
5956.30345511412  1.508231E-16
5960.3838405867  1.475628E-16
5964.46422605928  1.399729E-16
5968.54461153187  1.445489E-16
5972.62499700445  1.474276E-16
5976.70538247704  1.375797E-16
5980.78576794962  1.347045E-16
5984.86615342221  1.393640E-16
5988.94653889479  1.436670E-16
5993.02692436737  1.537714E-16
5997.10730983996  1.420576E-16
6001.18769531254  1.320190E-16
6005.26808078513  1.280151E-16
6009.34846625771  1.314969E-16
6013.4288517303  1.343465E-16
6017.50923720288  1.371992E-16
6021.58962267547  1.396946E-16
6025.67000814805  1.399741E-16
6029.75039362064  1.326023E-16
6033.83077909322  1.344607E-16
6037.9111645658  1.387628E-16
6041.99155003839  1.367269E-16
6046.07193551097  1.373333E-16
6050.15232098356  1.329478E-16
6054.23270645614  1.279650E-16
6058.31309192873  1.319330E-16
6062.39347740131  1.321184E-16
6066.47386287389  1.292352E-16
6070.55424834648  1.363056E-16
6074.63463381906  1.287375E-16
6078.71501929165  1.295933E-16
6082.79540476423  1.315560E-16
6086.87579023682  1.310983E-16
6090.9561757094  1.344726E-16
6095.03656118199  1.383138E-16
6099.11694665457  1.365271E-16
6103.19733212715  1.362500E-16
6107.27771759974  1.316789E-16
6111.35810307232  1.313912E-16
6115.43848854491  1.342824E-16
6119.51887401749  1.382306E-16
6123.59925949007  1.351432E-16
6127.67964496266  1.331588E-16
6131.76003043524  1.289517E-16
6135.84041590783  1.280782E-16
6139.92080138041  1.318116E-16
6144.001186853  1.268196E-16
6148.08157232558  1.283357E-16
6152.16195779817  1.331811E-16
6156.24234327075  1.348091E-16
6160.32272874333  1.345710E-16
6164.40311421592  1.315736E-16
6168.4834996885  1.315805E-16
6172.56388516109  1.268388E-16
6176.64427063367  1.180179E-16
6180.72465610626  1.206724E-16
6184.80504157884  1.186136E-16
6188.88542705143  1.219349E-16
6192.96581252401  1.250109E-16
6197.04619799659  1.231008E-16
6201.12658346918  1.246690E-16
6205.20696894176  1.263255E-16
6209.28735441435  1.322542E-16
6213.36773988693  1.286985E-16
6217.44812535952  1.281922E-16
6221.5285108321  1.281802E-16
6225.60889630469  1.228695E-16
6229.68928177727  1.240109E-16
6233.76966724985  1.249551E-16
6237.85005272244  1.240128E-16
6241.93043819502  1.306235E-16
6246.01082366761  1.314088E-16
6250.09120914019  1.298976E-16
6254.17159461278  1.316443E-16
6258.25198008536  1.203141E-16
6262.33236555795  1.212620E-16
6266.41275103053  1.212274E-16
6270.49313650311  1.235128E-16
6274.5735219757  1.295293E-16
6278.65390744828  1.186549E-16
6282.73429292087  1.174897E-16
6286.81467839345  1.274239E-16
6290.89506386604  1.318184E-16
6294.97544933862  1.309760E-16
6299.05583481121  1.269384E-16
6303.13622028379  1.343208E-16
6307.21660575637  1.265801E-16
6311.29699122896  1.205689E-16
6315.37737670154  1.191410E-16
6319.45776217413  1.196847E-16
6323.53814764671  1.228971E-16
6327.6185331193  1.278471E-16
6331.69891859188  1.229984E-16
6335.77930406447  1.241229E-16
6339.85968953705  1.347918E-16
6343.94007500963  1.262291E-16
6348.02046048222  1.236115E-16
6352.1008459548  1.272729E-16
6356.18123142739  1.301063E-16
6360.26161689997  1.261466E-16
6364.34200237256  1.218113E-16
6368.42238784514  1.143982E-16
6372.50277331773  1.180754E-16
6376.58315879031  1.159661E-16
6380.66354426289  1.164967E-16
6384.74392973548  1.225050E-16
6388.82431520806  1.257643E-16
6392.90470068065  1.202753E-16
6396.98508615323  1.154261E-16
6401.06547162582  1.171128E-16
6405.1458570984  1.159122E-16
6409.22624257098  1.218694E-16
6413.30662804357  1.205961E-16
6417.38701351615  1.194117E-16
6421.46739898874  1.245841E-16
6425.54778446132  1.277526E-16
6429.62816993391  1.257294E-16
6433.70855540649  1.212492E-16
6437.78894087908  1.239699E-16
6441.86932635166  1.233914E-16
6445.94971182424  1.257979E-16
6450.03009729683  1.270174E-16
6454.11048276941  1.288927E-16
6458.190868242  1.307509E-16
6462.27125371458  1.276774E-16
6466.35163918717  1.284341E-16
6470.43202465975  1.297201E-16
6474.51241013233  1.251026E-16
6478.59279560492  1.187556E-16
6482.6731810775  1.243396E-16
6486.75356655009  1.225864E-16
6490.83395202267  1.231181E-16
6494.91433749526  1.271971E-16
6498.99472296784  1.236666E-16
6503.07510844043  1.277890E-16
6507.15549391301  1.301746E-16
6511.2358793856  1.249599E-16
6515.31626485818  1.269063E-16
6519.39665033077  1.311997E-16
6523.47703580335  1.293157E-16
6527.55742127593  1.317946E-16
6531.63780674852  1.355579E-16
6535.7181922211  1.312479E-16
6539.79857769369  1.288081E-16
6543.87896316627  1.240814E-16
6547.95934863886  1.236239E-16
6552.03973411144  1.271466E-16
6556.12011958402  1.333177E-16
6560.20050505661  1.280072E-16
6564.28089052919  1.272022E-16
6568.36127600178  1.311904E-16
6572.44166147436  1.257496E-16
6576.52204694695  1.269004E-16
6580.60243241953  1.317624E-16
6584.68281789211  1.290732E-16
6588.7632033647  1.318415E-16
6592.84358883728  1.332111E-16
6596.92397430987  1.301649E-16
6601.00435978245  1.327823E-16
6605.08474525504  1.311794E-16
6609.16513072762  1.304858E-16
6613.24551620021  1.298434E-16
6617.32590167279  1.244331E-16
6621.40628714537  1.300578E-16
6625.48667261796  1.343587E-16
6629.56705809054  1.329021E-16
6633.64744356313  1.326558E-16
6637.72782903571  1.282977E-16
6641.8082145083  1.282718E-16
6645.88859998088  1.313690E-16
6649.96898545346  1.292302E-16
6654.04937092605  1.263621E-16
6658.12975639863  1.248277E-16
6662.21014187122  1.293074E-16
6666.2905273438  1.298335E-16
6670.37091281639  1.272803E-16
6674.45129828897  1.295579E-16
6678.53168376156  1.267667E-16
6682.61206923414  1.225216E-16
6686.69245470672  1.309832E-16
6690.77284017931  1.362691E-16
6694.85322565189  1.276722E-16
6698.93361112448  1.282544E-16
6703.01399659706  1.285478E-16
6707.09438206965  1.306151E-16
6711.17476754223  1.251480E-16
6715.25515301482  1.237390E-16
6719.3355384874  1.292816E-16
6723.41592395999  1.321312E-16
6727.49630943257  1.298807E-16
6731.57669490515  1.271525E-16
6735.65708037774  1.274254E-16
6739.73746585032  1.280343E-16
6743.81785132291  1.260765E-16
6747.89823679549  1.258683E-16
6751.97862226807  1.259949E-16
6756.05900774066  1.146154E-16
6760.13939321324  1.240796E-16
6764.21977868583  1.301632E-16
6768.30016415841  1.262486E-16
6772.380549631  1.225777E-16
6776.46093510358  1.206804E-16
6780.54132057617  1.247181E-16
6784.62170604875  1.320145E-16
6788.70209152134  1.270019E-16
6792.78247699392  1.220416E-16
6796.8628624665  1.254489E-16
6800.94324793909  1.194712E-16
6805.02363341167  1.176612E-16
6809.10401888426  1.219427E-16
6813.18440435684  1.175916E-16
6817.26478982943  1.188386E-16
6821.34517530201  1.233528E-16
6825.4255607746  1.212994E-16
6829.50594624718  1.243323E-16
6833.58633171976  1.240458E-16
6837.66671719235  1.284732E-16
6841.74710266494  1.260982E-16
6845.82748813752  1.173023E-16
6849.9078736101  1.137670E-16
6853.98825908269  1.195591E-16
6858.06864455527  1.202309E-16
6862.14903002786  1.230590E-16
6866.22941550044  1.163039E-16
6870.30980097302  1.199901E-16
6874.39018644561  1.191178E-16
6878.47057191819  1.141379E-16
6882.55095739078  1.177358E-16
6886.63134286336  1.142649E-16
6890.71172833595  1.145027E-16
6894.79211380853  1.149090E-16
6898.87249928112  1.104633E-16
6902.9528847537  1.171496E-16
6907.03327022628  1.220418E-16
6911.11365569887  1.205715E-16
6915.19404117145  1.176804E-16
6919.27442664404  1.165513E-16
6923.35481211662  1.221954E-16
6927.4351975892  1.178214E-16
6931.51558306179  1.118652E-16
6935.59596853437  1.150099E-16
6939.67635400696  1.175524E-16
6943.75673947954  1.105822E-16
6947.83712495213  1.113859E-16
6951.91751042471  1.111268E-16
6955.9978958973  1.161271E-16
6960.07828136988  1.228402E-16
6964.15866684247  1.140121E-16
6968.23905231505  1.098183E-16
6972.31943778763  1.069091E-16
6976.39982326022  1.090129E-16
6980.4802087328  1.120008E-16
6984.56059420539  1.113285E-16
6988.64097967797  1.161414E-16
6992.72136515056  1.176852E-16
6996.80175062314  1.196725E-16
7000.88213609572  1.199918E-16
7004.96252156831  1.181298E-16
7009.04290704089  1.156257E-16
7013.12329251348  1.141110E-16
7017.20367798606  1.147525E-16
7021.28406345865  1.165417E-16
7025.36444893123  1.137454E-16
7029.44483440382  1.183553E-16
7033.5252198764  1.148007E-16
7037.60560534898  1.160492E-16
7041.68599082157  1.145832E-16
7045.76637629415  1.087650E-16
7049.84676176674  1.140742E-16
7053.92714723932  1.163015E-16
7058.00753271191  1.141138E-16
7062.08791818449  1.178809E-16
7066.16830365708  1.151028E-16
7070.24868912966  1.112369E-16
7074.32907460224  1.150705E-16
7078.40946007483  1.172059E-16
7082.48984554741  1.138336E-16
7086.57023102  1.073819E-16
7090.65061649258  1.081774E-16
7094.73100196517  1.098144E-16
7098.81138743775  1.181550E-16
7102.89177291034  1.139469E-16
7106.97215838292  1.078919E-16
7111.0525438555  1.090763E-16
7115.13292932809  1.107919E-16
7119.21331480067  1.154659E-16
7123.29370027326  1.125835E-16
7127.37408574584  1.076023E-16
7131.45447121842  1.121104E-16
7135.53485669101  1.134715E-16
7139.6152421636  1.098636E-16
7143.69562763618  1.082212E-16
7147.77601310876  1.025470E-16
7151.85639858135  1.089701E-16
7155.93678405393  1.174255E-16
7160.01716952652  1.226471E-16
7164.0975549991  1.153439E-16
7168.17794047169  1.080886E-16
7172.25832594427  1.095146E-16
7176.33871141685  1.134328E-16
7180.41909688944  1.126975E-16
7184.49948236202  1.160520E-16
7188.57986783461  1.181094E-16
7192.66025330719  1.151171E-16
7196.74063877978  1.140839E-16
7200.82102425236  1.144372E-16
7204.90140972495  1.149003E-16
7208.98179519753  1.106972E-16
7213.06218067012  1.095163E-16
7217.1425661427  1.109566E-16
7221.22295161528  1.087693E-16
7225.30333708787  1.129703E-16
7229.38372256045  1.193570E-16
7233.46410803304  1.125385E-16
7237.54449350562  1.098777E-16
7241.62487897821  1.108970E-16
7245.70526445079  1.124973E-16
7249.78564992337  1.071430E-16
7253.86603539596  9.929759E-17
7257.94642086854  1.005780E-16
7262.02680634113  1.124053E-16
7266.10719181371  1.230773E-16
7270.1875772863  1.162623E-16
7274.26796275888  1.091033E-16
7278.34834823146  1.080736E-16
7282.42873370405  1.058307E-16
7286.50911917663  1.147033E-16
7290.58950464922  1.157676E-16
7294.6698901218  1.116017E-16
7298.75027559439  1.074662E-16
7302.83066106697  1.094172E-16
7306.91104653956  1.159686E-16
7310.99143201214  1.110516E-16
7315.07181748472  1.041504E-16
7319.15220295731  1.113554E-16
7323.23258842989  1.167086E-16
7327.31297390248  1.104182E-16
7331.39335937506  1.114091E-16
7335.47374484765  1.191980E-16
7339.55413032023  1.226381E-16
7343.63451579282  1.231785E-16
7347.7149012654  1.207767E-16
7351.79528673798  1.179959E-16
7355.87567221057  1.141231E-16
7359.95605768315  1.148874E-16
7364.03644315574  1.111145E-16
7368.11682862832  1.146393E-16
7372.19721410091  1.171830E-16
7376.27759957349  1.234842E-16
7380.35798504608  1.109727E-16
7384.43837051866  1.105139E-16
7388.51875599125  1.129575E-16
7392.59914146383  1.089716E-16
7396.67952693641  1.144928E-16
7400.759912409  1.194058E-16
7404.84029788158  1.112769E-16
7408.92068335417  1.164516E-16
7413.00106882675  1.199118E-16
7417.08145429933  1.103004E-16
7421.16183977192  1.074997E-16
7425.2422252445  1.148433E-16
7429.32261071709  1.174879E-16
7433.40299618967  1.174426E-16
7437.48338166226  1.120493E-16
7441.56376713484  1.092179E-16
7445.64415260743  1.122152E-16
7449.72453808001  1.121650E-16
7453.80492355259  1.181300E-16
7457.88530902518  1.175149E-16
7461.96569449776  1.174350E-16
7466.04607997035  1.255537E-16
7470.12646544293  1.265401E-16
7474.20685091552  1.260034E-16
7478.2872363881  1.267853E-16
7482.36762186069  1.251152E-16
7486.44800733327  1.258661E-16
7490.52839280586  1.239999E-16
7494.60877827844  1.181345E-16
7498.68916375103  1.185603E-16
7502.76954922361  1.186567E-16
7506.84993469619  1.044548E-16
7510.93032016878  9.308269E-17
7515.01070564136  9.704753E-17
7519.09109111395  1.027584E-16
7523.17147658653  1.001180E-16
7527.25186205911  1.032594E-16
7531.3322475317  1.070749E-16
7535.41263300428  1.081277E-16
7539.49301847687  1.077783E-16
7543.57340394945  1.102638E-16
7547.65378942204  1.063301E-16
7551.73417489462  1.086286E-16
7555.81456036721  1.197614E-16
7559.89494583979  1.209963E-16
7563.97533131238  1.123250E-16
7568.05571678496  1.087401E-16
7572.13610225754  1.160605E-16
7576.21648773013  1.102599E-16
7580.29687320271  1.074194E-16
7584.3772586753  1.141699E-16
7588.45764414788  1.145824E-16
7592.53802962047  1.212415E-16
7596.61841509305  1.471924E-16
7600.69880056563  1.748970E-16
7604.77918603822  1.777648E-16
7608.8595715108  1.583848E-16
7612.93995698339  1.376054E-16
7617.02034245597  1.334405E-16
7621.10072792856  1.451370E-16
7625.18111340114  1.464490E-16
7629.26149887372  1.367145E-16
7633.34188434631  1.235049E-16
7637.42226981889  1.194801E-16
7641.50265529148  1.244992E-16
7645.58304076406  1.259624E-16
7649.66342623665  1.279544E-16
7653.74381170923  1.221733E-16
7657.82419718182  1.144865E-16
7661.9045826544  1.101657E-16
7665.98496812698  1.232895E-16
7670.06535359957  1.264867E-16
7674.14573907215  1.141718E-16
7678.22612454474  1.127673E-16
7682.30651001732  1.104967E-16
7686.38689548991  1.016774E-16
7690.46728096249  1.050890E-16
7694.54766643508  1.020585E-16
7698.62805190766  7.878222E-17
7702.70843738024  8.403885E-17
7706.78882285283  9.888114E-17
7710.86920832541  8.651068E-17
7714.949593798  6.225119E-17
7719.02997927058  5.366475E-17
7723.11036474317  8.293882E-17
7727.19075021575  1.209180E-16
7731.27113568833  1.318264E-16
7735.35152116092  1.213517E-16
7739.4319066335  1.082465E-16
7743.51229210609  1.163245E-16
7747.59267757867  1.233004E-16
7751.67306305126  9.927067E-17
7755.75344852384  8.218108E-17
7759.83383399643  9.763134E-17
7763.91421946901  1.174772E-16
7767.9946049416  1.121901E-16
7772.07499041418  1.166455E-16
7776.15537588676  1.289617E-16
7780.23576135935  1.489502E-16
7784.31614683193  1.468422E-16
7788.39653230452  1.422839E-16
7792.4769177771  1.475023E-16
7796.55730324969  1.385445E-16
7800.63768872227  1.411203E-16
7804.71807419486  1.281028E-16
7808.79845966744  1.287152E-16
7812.87884514003  1.307628E-16
7816.95923061261  1.092672E-16
7821.03961608519  1.078845E-16
7825.12000155778  1.159986E-16
7829.20038703036  1.149031E-16
7833.28077250295  1.018491E-16
7837.36115797553  9.308208E-17
7841.44154344811  1.126484E-16
7845.5219289207  1.496201E-16
7849.60231439328  1.447012E-16
7853.68269986587  1.234650E-16
7857.76308533845  1.180812E-16
7861.84347081104  1.204359E-16
7865.92385628362  1.265707E-16
7870.00424175621  1.187129E-16
7874.08462722879  1.214587E-16
7878.16501270137  1.262127E-16
7882.24539817396  1.126378E-16
7886.32578364654  1.225016E-16
7890.40616911913  1.398782E-16
7894.48655459171  1.465168E-16
7898.56694006429  1.387086E-16
7902.64732553688  1.394050E-16
7906.72771100946  1.405465E-16
7910.80809648205  1.319617E-16
7914.88848195463  1.228780E-16
7918.96886742722  1.473609E-16
7923.0492528998  1.417319E-16
7927.12963837239  1.136108E-16
7931.21002384497  1.047629E-16
7935.29040931756  1.045482E-16
7939.37079479014  1.066018E-16
7943.45118026273  1.142296E-16
7947.53156573531  1.055331E-16
7951.61195120789  9.466551E-17
7955.69233668048  1.129777E-16
7959.77272215306  1.194463E-16
7963.85310762565  1.162287E-16
7967.93349309823  1.119728E-16
7972.01387857082  1.111354E-16
7976.0942640434  1.140886E-16
7980.17464951599  1.133645E-16
7984.25503498857  1.126488E-16
7988.33542046115  1.209372E-16
7992.41580593374  1.283479E-16
7996.49619140632  1.295305E-16
8000.57657687891  1.213144E-16
8004.65696235149  1.055443E-16
8008.73734782408  1.107071E-16
8012.81773329666  1.259892E-16
8016.89811876924  1.291208E-16
8020.97850424183  1.197502E-16
8025.05888971441  1.135556E-16
8029.139275187  1.229127E-16
8033.21966065958  1.285485E-16
8037.30004613217  1.217700E-16
8041.38043160475  1.172021E-16
8045.46081707734  1.156181E-16
8049.54120254992  1.155290E-16
8053.62158802251  1.083070E-16
8057.70197349509  1.123431E-16
8061.78235896767  1.143593E-16
8065.86274444026  1.175051E-16
8069.94312991284  1.198680E-16
8074.02351538543  1.173815E-16
8078.10390085801  1.088657E-16
8082.18428633059  1.109483E-16
8086.26467180318  1.241969E-16
8090.34505727576  1.273717E-16
8094.42544274835  1.235275E-16
8098.50582822093  1.206543E-16
8102.58621369352  1.124959E-16
8106.6665991661  1.070397E-16
8110.74698463869  1.114407E-16
8114.82737011127  1.071709E-16
8118.90775558385  1.043395E-16
8122.98814105644  1.158873E-16
8127.06852652902  1.202017E-16
8131.14891200161  1.117322E-16
8135.22929747419  1.079434E-16
8139.30968294678  1.096394E-16
8143.39006841936  1.056369E-16
8147.47045389195  1.087563E-16
8151.55083936453  1.061356E-16
8155.63122483711  1.040163E-16
8159.7116103097  1.088486E-16
8163.79199578228  9.927601E-17
8167.87238125487  9.556232E-17
8171.95276672745  1.050904E-16
8176.03315220004  1.002761E-16
8180.11353767262  1.012870E-16
8184.19392314521  1.084443E-16
8188.27430861779  1.067318E-16
8192.35469409037  1.051971E-16
8196.43507956296  1.098053E-16
8200.51546503554  9.623910E-17
8204.59585050813  9.856572E-17
8208.67623598071  1.137395E-16
8212.7566214533  1.067811E-16
8216.83700692588  9.679218E-17
8220.91739239846  9.300577E-17
8224.99777787105  9.555659E-17
8229.07816334364  1.023881E-16
8233.15854881622  1.031104E-16
8237.2389342888  1.036992E-16
8241.31931976139  1.041841E-16
8245.39970523397  1.056828E-16
8249.48009070655  1.060929E-16
8253.56047617914  1.030334E-16
8257.64086165173  1.082316E-16
8261.72124712431  1.074039E-16
8265.80163259689  9.972454E-17
8269.88201806948  1.075984E-16
8273.96240354206  1.114278E-16
8278.04278901465  1.079745E-16
8282.12317448723  1.123166E-16
8286.20355995982  1.122014E-16
8290.2839454324  1.106114E-16
8294.36433090499  1.254274E-16
8298.44471637757  1.088856E-16
8302.52510185015  9.488204E-17
8306.60548732274  1.026702E-16
8310.68587279532  1.013325E-16
8314.76625826791  1.014871E-16
8318.84664374049  1.017882E-16
8322.92702921307  1.022842E-16
8327.00741468566  1.020723E-16
8331.08780015824  9.652416E-17
8335.16818563083  9.354143E-17
8339.24857110342  7.865676E-17
8343.328956576  6.862492E-17
8347.40934204858  8.513504E-17
8351.48972752117  9.590403E-17
8355.57011299375  9.259486E-17
8359.65049846634  8.865709E-17
8363.73088393892  8.786125E-17
8367.8112694115  8.984582E-17
8371.89165488409  9.610177E-17
8375.97204035667  1.074019E-16
8380.05242582926  1.093218E-16
8384.13281130184  1.002564E-16
8388.21319677443  9.810547E-17
8392.29358224701  9.212080E-17
8396.37396771959  7.231045E-17
8400.45435319218  6.651839E-17
8404.53473866476  7.915308E-17
8408.61512413735  8.912452E-17
8412.69550960993  9.445592E-17
8416.77589508252  8.778681E-17
8420.8562805551  8.348982E-17
8424.93666602769  8.260582E-17
8429.01705150027  9.049529E-17
8433.09743697285  9.422667E-17
8437.17782244544  1.017340E-16
8441.25820791802  1.136551E-16
8445.33859339061  1.028044E-16
8449.41897886319  9.369685E-17
8453.49936433578  8.909461E-17
8457.57974980836  8.938460E-17
8461.66013528095  9.858162E-17
8465.74052075353  1.209172E-16
8469.82090622612  1.158682E-16
8473.9012916987  1.063933E-16
8477.98167717128  1.263456E-16
8482.06206264387  1.218700E-16
8486.14244811645  1.203585E-16
8490.22283358904  1.216441E-16
8494.30321906162  1.120425E-16
8498.3836045342  1.066743E-16
8502.46399000679  1.162343E-16
8506.54437547937  1.396276E-16
8510.62476095196  1.463387E-16
8514.70514642454  1.228520E-16
8518.78553189713  9.981442E-17
8522.86591736971  1.025635E-16
8526.9463028423  1.144681E-16
8531.02668831488  1.142346E-16
8535.10707378747  1.124233E-16
8539.18745926005  1.147271E-16
8543.26784473263  1.092495E-16
8547.34823020522  1.114325E-16
8551.4286156778  1.312192E-16
8555.50900115039  1.305412E-16
8559.58938662297  1.160529E-16
8563.66977209556  1.111683E-16
8567.75015756814  1.211573E-16
8571.83054304072  1.201009E-16
8575.91092851331  1.047697E-16
8579.9913139859  1.066566E-16
8584.07169945848  1.126463E-16
8588.15208493106  1.104835E-16
8592.23247040365  1.079901E-16
8596.31285587623  1.140104E-16
8600.39324134882  1.196867E-16
8604.4736268214  1.199717E-16
8608.55401229399  1.317352E-16
8612.63439776657  1.594340E-16
8616.71478323915  1.689359E-16
8620.79516871174  1.631793E-16
8624.87555418432  1.447225E-16
8628.9559396569  1.532647E-16
8633.03632512949  1.462794E-16
8637.11671060208  1.134758E-16
8641.19709607466  1.036133E-16
8645.27748154724  8.410415E-17
8649.35786701983  7.730600E-17
8653.43825249241  8.668164E-17
8657.518637965  7.637433E-17
8661.59902343758  6.624584E-17
8665.67940891017  7.085426E-17
8669.75979438275  9.830417E-17
8673.84017985534  1.214571E-16
8677.92056532792  1.453589E-16
8682.0009508005  1.412807E-16
8686.08133627309  1.260090E-16
8690.16172174567  1.050303E-16
8694.24210721826  9.938389E-17
8698.32249269084  8.933671E-17
8702.40287816343  8.173003E-17
8706.48326363601  8.929781E-17
8710.56364910859  9.619097E-17
8714.64403458118  9.161272E-17
8718.72442005376  9.063123E-17
8722.80480552635  9.959208E-17
8726.88519099893  1.013937E-16
8730.96557647152  1.029878E-16
8735.0459619441  1.024933E-16
8739.12634741668  1.006795E-16
8743.20673288927  1.330080E-16
8747.28711836186  1.826707E-16
8751.36750383444  1.616403E-16
8755.44788930702  1.297166E-16
8759.52827477961  1.232342E-16
8763.60866025219  1.082605E-16
8767.68904572478  1.345751E-16
8771.76943119736  1.645259E-16
8775.84981666995  1.250417E-16
8779.93020214253  7.463989E-17
8784.01058761511  5.053736E-17
8788.0909730877  5.454806E-17
8792.17135856028  7.227619E-17
8796.25174403287  5.750615E-17
8800.33212950545  7.502772E-17
8804.41251497804  8.968073E-17
8808.49290045062  2.181003E-17
8812.5732859232  -8.366201E-17
8816.65367139579  -9.010670E-17
8820.73405686838  -2.945152E-17
8824.81444234096  -7.809596E-18
8828.89482781354  -6.827888E-17
8832.97521328613  -6.788198E-17
8837.05559875871  -7.388951E-19
8841.1359842313  3.357988E-17
8845.21636970388  7.700339E-17
8849.29675517646  9.777993E-17
8853.37714064905  6.496780E-17
8857.45752612163  6.871068E-17
8861.53791159422  8.798938E-17
8865.6182970668  9.758326E-17
8869.69868253939  1.193505E-16
8873.77906801197  1.564339E-16
8877.85945348456  1.499385E-16
8881.93983895714  8.854696E-17
8886.02022442973  4.347770E-17
8890.10060990231  3.358870E-17
8894.18099537489  6.986039E-17
8898.26138084748  1.038456E-16
8902.34176632006  6.329987E-17
8906.42215179265  2.291272E-17
8910.50253726523  2.538692E-17
8914.58292273782  4.261484E-17
8918.6633082104  6.767917E-17
8922.74369368298  6.226953E-17
8926.82407915557  8.183433E-17
8930.90446462815  1.336629E-16
8934.98485010074  1.201005E-16
8939.06523557332  9.908429E-17
8943.14562104591  7.395733E-17
8947.22600651849  6.662813E-17
8951.30639199108  1.152593E-16
8955.38677746366  1.529696E-16
8959.46716293624  1.960857E-16
8963.54754840883  2.247363E-16
8967.62793388141  1.509714E-16
8971.708319354  1.165332E-16
8975.78870482658  1.216062E-16
8979.86909029916  1.009714E-16
8983.94947577175  1.097369E-16
8988.02986124433  1.335077E-16
8992.11024671692  1.238409E-16
8996.1906321895  1.194768E-16
9000.27101766209  1.321124E-16
9004.35140313467  1.499263E-16
9008.43178860726  1.319471E-16
9012.51217407984  1.046120E-16
9016.59255955243  1.039238E-16
9020.67294502501  9.409472E-17
9024.75333049759  8.361583E-17
9028.83371597018  9.263351E-17
9032.91410144276  1.109595E-16
9036.99448691535  1.321207E-16
9041.07487238793  1.236137E-16
9045.15525786052  1.005043E-16
9049.2356433331  9.625346E-17
9053.31602880569  9.712628E-17
9057.39641427827  1.125295E-16
9061.47679975085  1.022800E-16
9065.55718522344  9.175240E-17
9069.63757069603  1.077468E-16
9073.71795616861  1.073884E-16
9077.79834164119  9.589234E-17
9081.87872711378  9.684907E-17
9085.95911258636  1.196635E-16
9090.03949805894  1.137943E-16
9094.11988353153  1.035081E-16
9098.20026900412  1.042420E-16
9102.2806544767  1.034141E-16
9106.36103994928  9.660961E-17
9110.44142542187  9.989085E-17
9114.52181089445  9.965020E-17
9118.60219636704  1.057635E-16
9122.68258183962  1.088655E-16
9126.76296731221  1.004970E-16
9130.84335278479  9.883911E-17
9134.92373825737  1.160859E-16
9139.00412372996  1.152614E-16
9143.08450920254  9.533203E-17
9147.16489467513  8.899957E-17
9151.24528014771  1.031603E-16
9155.3256656203  1.104872E-16
9159.40605109288  1.008735E-16
9163.48643656547  9.001829E-17
9167.56682203805  8.631797E-17
9171.64720751063  9.790998E-17
9175.72759298322  1.076315E-16
9179.8079784558  1.055594E-16
9183.88836392839  1.056176E-16
9187.96874940097  1.098457E-16
9192.04913487356  1.048820E-16
9196.12952034614  1.009688E-16
9200.20990581872  1.192322E-16
9204.29029129131  1.062514E-16
9208.3706767639  9.557374E-17
9212.45106223648  9.633369E-17
9216.53144770906  9.601493E-17
9220.61183318165  1.110734E-16
9224.69221865423  1.199893E-16
9228.77260412681  1.056833E-16
9232.8529895994  1.047976E-16
9236.93337507198  1.017328E-16
9241.01376054457  9.670062E-17
9245.09414601715  9.152594E-17
9249.17453148974  8.951794E-17
9253.25491696232  1.005324E-16
9257.33530243491  9.869523E-17
9261.41568790749  9.100999E-17
9265.49607338008  8.124672E-17
9269.57645885266  9.362809E-17
9273.65684432524  1.059330E-16
9277.73722979783  8.952787E-17
9281.81761527041  7.750479E-17
9285.898000743  9.406238E-17
9289.97838621558  1.260107E-16
9294.05877168817  1.712017E-16
9298.13915716075  2.328836E-16
9302.21954263334  2.302008E-16
9306.29992810592  1.315837E-16
9310.3803135785  8.516560E-17
9314.46069905109  9.871044E-17
9318.54108452367  7.507416E-17
9322.62146999626  1.201425E-16
9326.70185546884  1.573516E-16
9330.78224094143  1.300998E-16
9334.86262641401  8.770102E-17
9338.9430118866  8.923106E-17
9343.02339735918  7.758086E-17
9347.10378283176  7.592467E-17
9351.18416830435  8.119039E-17
9355.26455377693  9.804294E-17
9359.34493924952  1.067511E-16
9363.4253247221  1.504080E-16
9367.50571019469  1.524196E-16
9371.58609566727  1.723723E-16
9375.66648113986  2.125657E-16
9379.74686661244  3.135052E-16
9383.82725208502  2.518312E-16
9387.90763755761  1.351607E-16
9391.98802303019  9.941733E-17
9396.06840850277  9.437655E-17
9400.14879397536  1.141358E-16
9404.22917944795  1.151383E-16
9408.30956492053  9.612789E-17
9412.38995039311  1.092747E-16
9416.4703358657  1.246513E-16
9420.55072133828  9.168659E-17
9424.63110681087  5.084084E-17
9428.71149228345  5.342748E-17
9432.79187775604  5.628065E-17
9436.87226322862  6.431845E-17
9440.9526487012  8.437183E-17
9445.03303417379  5.554395E-17
9449.11341964637  5.294078E-17
9453.19380511896  6.100169E-17
9457.27419059154  5.638594E-17
9461.35457606413  9.616018E-17
9465.43496153671  1.004948E-16
9469.5153470093  8.810055E-17
9473.59573248188  1.094745E-16
9477.67611795446  1.207135E-16
9481.75650342705  1.540797E-16
9485.83688889963  1.134891E-16
9489.91727437222  7.683137E-17
9493.9976598448  4.426819E-17
9498.07804531739  3.811330E-17
9502.15843078997  6.340298E-17
9506.23881626256  4.592321E-17
9510.31920173514  6.281473E-17
9514.39958720772  9.308433E-17
9518.47997268031  1.062170E-16
9522.56035815289  1.364708E-16
9526.64074362548  1.332678E-16
9530.72112909806  1.122227E-16
9534.80151457065  9.376814E-17
9538.88190004323  7.546978E-17
9542.96228551582  9.258989E-17
9547.0426709884  8.998247E-17
9551.12305646098  7.904207E-17
9555.20344193357  1.218632E-16
9559.28382740616  1.204624E-16
9563.36421287874  8.805640E-17
9567.44459835132  9.369452E-17
9571.52498382391  9.306047E-17
9575.60536929649  1.123040E-16
9579.68575476907  9.361571E-17
9583.76614024166  7.393389E-17
9587.84652571424  1.023018E-16
9591.92691118683  1.235610E-16
9596.00729665941  1.092911E-16
9600.087682132  1.118582E-16
9604.16806760458  1.124084E-16
9608.24845307717  1.050213E-16
9612.32883854975  8.969076E-17
9616.40922402234  1.050595E-16
9620.48960949492  1.322349E-16
9624.5699949675  1.286285E-16
9628.65038044009  1.055387E-16
9632.73076591267  8.176362E-17
9636.81115138526  8.207977E-17
9640.89153685784  8.934214E-17
9644.97192233043  9.668514E-17
9649.05230780301  6.658027E-17
9653.13269327559  7.417918E-17
9657.21307874818  1.019040E-16
9661.29346422077  8.398728E-17
9665.37384969335  9.121781E-17
9669.45423516593  1.059542E-16
9673.53462063852  8.599092E-17
9677.6150061111  8.522345E-17
9681.69539158369  1.113407E-16
9685.77577705627  1.321073E-16
9689.85616252886  1.123899E-16
9693.93654800144  8.839526E-17
9698.01693347402  9.216797E-17
9702.09731894661  9.454452E-17
9706.17770441919  1.477207E-16
9710.25808989178  1.359779E-16
9714.33847536436  1.096124E-16
9718.41886083694  1.250837E-16
9722.49924630953  1.024011E-16
9726.57963178212  7.942169E-17
9730.6600172547  7.696338E-17
9734.74040272728  9.675856E-17
9738.82078819987  1.261812E-16
9742.90117367245  8.873968E-17
9746.98155914504  5.409000E-17
9751.06194461762  5.682078E-17
9755.14233009021  1.091328E-16
9759.22271556279  8.945177E-17
9763.30310103537  7.397006E-17
9767.38348650796  8.986382E-17
9771.46387198054  8.848051E-17
9775.54425745313  1.080407E-16
9779.62464292571  1.251655E-16
9783.7050283983  9.259671E-17
9787.78541387088  4.904840E-17
9791.86579934347  1.317551E-17
9795.94618481605  1.938255E-17
9800.02657028863  6.792994E-17
9804.10695576122  9.709890E-17
9808.1873412338  7.820798E-17
9812.26772670639  6.461586E-17
9816.34811217897  8.427462E-17
9820.42849765156  6.646748E-17
9824.50888312414  6.449747E-17
9828.58926859672  9.330274E-17
9832.66965406931  7.289728E-17
9836.75003954189  9.619507E-17
9840.83042501448  1.129668E-16
9844.91081048706  9.762241E-17
9848.99119595965  7.423738E-17
9853.07158143223  5.862977E-17
9857.15196690482  1.431656E-16
9861.2323523774  1.467666E-16
9865.31273784999  1.308254E-16
9869.39312332257  1.454436E-16
9873.47350879515  1.158058E-16
9877.55389426774  6.076229E-17
9881.63427974032  6.628145E-17
9885.71466521291  6.780438E-17
9889.79505068549  3.614792E-17
9893.87543615807  3.728340E-17
9897.95582163066  5.795193E-17
9902.03620710324  7.368964E-17
9906.11659257583  8.602060E-17
9910.19697804842  7.914544E-17
9914.277363521  8.921668E-17
9918.35774899358  1.155758E-16
9922.43813446617  1.086661E-16
9926.51851993875  9.229535E-17
9930.59890541133  7.011887E-17
9934.67929088392  3.467390E-17
9938.7596763565  2.465712E-17
9942.84006182909  7.538171E-17
9946.92044730167  1.193826E-16
9951.00083277426  1.032771E-16
9955.08121824684  1.206818E-16
9959.16160371943  1.177013E-16
9963.24198919201  1.202871E-16
9967.32237466459  1.667665E-16
9971.40276013718  1.083015E-16
9975.48314560976  4.593754E-18
9979.56353108235  -2.153658E-18
9983.64391655493  4.349759E-19
9987.72430202752  5.541354E-20
9991.8046875001  -1.004149E-20
