3346.9497070312  3.936158E-17
3351.0169824338  -2.899584E-17
3355.08425783639  1.974152E-17
3359.15153323898  2.562778E-17
3363.21880864157  1.058327E-17
3367.28608404417  3.619309E-17
3371.35335944676  -3.585334E-17
3375.42063484935  2.529767E-17
3379.48791025194  -9.884635E-18
3383.55518565454  2.498137E-17
3387.62246105713  -9.146505E-19
3391.68973645972  2.565998E-17
3395.75701186232  3.793902E-17
3399.82428726491  -3.533075E-18
3403.8915626675  6.458475E-17
3407.95883807009  4.304194E-17
3412.02611347269  1.590840E-17
3416.09338887528  4.826869E-18
3420.16066427787  2.864009E-17
3424.22793968046  2.807172E-17
3428.29521508306  3.917098E-17
3432.36249048565  -8.235746E-18
3436.42976588824  3.268638E-17
3440.49704129084  7.112681E-17
3444.56431669343  9.072973E-18
3448.63159209602  7.319414E-18
3452.69886749861  3.344068E-17
****************  3.872036E-17
3460.8334183038  1.969994E-17
****************  3.214310E-17
3468.96796910899  3.190574E-17
3473.03524451158  3.593357E-17
3477.10251991417  3.424559E-17
3481.16979531676  4.727821E-17
3485.23707071936  4.949566E-17
3489.30434612195  2.557539E-17
****************  3.365277E-17
3497.43889692713  2.425506E-17
3501.50617232973  2.990557E-17
3505.57344773232  3.726793E-17
3509.64072313491  4.172951E-17
3513.70799853751  6.214254E-17
3517.7752739401  4.414292E-17
3521.84254934269  3.297195E-17
3525.90982474528  2.147519E-17
3529.97710014788  -7.126157E-18
3534.04437555047  7.913419E-18
3538.11165095306  4.380290E-17
3542.17892635565  3.507389E-17
3546.24620175825  2.177770E-17
3550.31347716084  2.948272E-17
3554.38075256343  3.405860E-17
3558.44802796602  2.007851E-17
3562.51530336862  1.315945E-17
3566.58257877121  2.781957E-17
3570.6498541738  9.322335E-18
3574.7171295764  4.252943E-17
3578.78440497899  2.837466E-17
3582.85168038158  2.892169E-17
3586.91895578417  3.599454E-17
3590.98623118677  5.992303E-17
3595.05350658936  3.828811E-17
3599.12078199195  1.501683E-17
3603.18805739454  3.701816E-17
3607.25533279714  4.381813E-17
3611.32260819973  2.916291E-17
3615.38988360232  3.246676E-17
3619.45715900492  2.896262E-17
3623.52443440751  2.225449E-17
***************  3.523023E-17
3631.65898521269  4.105108E-17
3635.72626061529  4.238816E-17
3639.79353601788  3.709449E-17
3643.86081142047  3.216340E-17
3647.92808682306  1.588888E-17
3651.99536222566  2.790361E-17
3656.06263762825  4.135675E-17
3660.12991303084  2.883403E-17
3664.19718843344  3.341591E-17
3668.26446383603  3.029682E-17
3672.33173923862  1.780639E-17
3676.39901464121  1.351177E-17
3680.46629004381  2.308818E-17
3684.5335654464  2.610104E-17
3688.60084084899  3.133397E-17
3692.66811625158  2.175946E-17
3696.73539165418  2.424248E-17
3700.80266705677  2.934494E-17
3704.86994245936  3.239684E-17
3708.93721786196  2.689080E-17
3713.00449326455  3.505899E-17
****************  2.315107E-17
****************  3.462047E-17
3725.20631947233  3.443054E-17
3729.27359487492  3.401930E-17
3733.34087027751  3.602145E-17
3737.40814568011  3.330466E-17
3741.4754210827  2.284696E-17
3745.54269648529  4.878636E-17
3749.60997188788  4.613565E-17
3753.67724729048  3.289762E-17
3757.74452269307  2.160595E-17
3761.81179809566  2.699495E-17
****************  2.792139E-17
3769.94634890085  2.913941E-17
3774.01362430344  2.160959E-17
****************  3.253074E-17
3782.14817510862  2.776466E-17
3786.21545051122  3.765450E-17
3790.28272591381  3.421295E-17
3794.3500013164  3.112922E-17
3798.417276719  4.201945E-17
3802.48455212159  2.865936E-17
3806.55182752418  3.691864E-17
3810.61910292677  5.028283E-17
3814.68637832937  4.283817E-17
3818.75365373196  3.255441E-17
3822.82092913455  3.123110E-17
3826.88820453714  3.570048E-17
3830.95547993974  2.222726E-17
3835.02275534233  2.534684E-17
3839.09003074492  2.211942E-17
3843.15730614751  2.528673E-17
3847.22458155011  3.062716E-17
3851.2918569527  2.344082E-17
3855.35913235529  2.465632E-17
3859.42640775789  3.324885E-17
3863.49368316048  3.365170E-17
3867.56095856307  4.296139E-17
3871.62823396566  2.956855E-17
3875.69550936826  3.126341E-17
3879.76278477085  3.963310E-17
3883.83006017344  4.040968E-17
3887.89733557604  3.383126E-17
3891.96461097863  2.843369E-17
3896.03188638122  3.539214E-17
3900.09916178381  2.699817E-17
3904.16643718641  3.233928E-17
3908.233712589  2.393701E-17
3912.30098799159  3.035424E-17
3916.36826339418  2.596433E-17
3920.43553879678  2.758591E-17
3924.50281419937  3.274151E-17
3928.57008960196  2.417541E-17
3932.63736500455  3.483555E-17
3936.70464040715  2.795215E-17
3940.77191580974  3.519487E-17
3944.83919121233  2.570173E-17
3948.90646661493  3.134138E-17
3952.97374201752  3.309200E-17
3957.04101742011  2.714188E-17
3961.1082928227  2.790787E-17
3965.1755682253  2.942063E-17
3969.24284362789  2.951906E-17
3973.31011903048  4.251221E-17
3977.37739443307  3.538173E-17
3981.44466983567  2.694367E-17
3985.51194523826  2.265107E-17
3989.57922064085  3.027490E-17
3993.64649604345  4.468731E-17
3997.71377144604  3.026320E-17
4001.78104684863  1.938867E-17
4005.84832225122  2.297316E-17
4009.91559765382  2.173231E-17
4013.98287305641  2.497732E-17
**************  2.344654E-17
4022.11742386159  2.815884E-17
4026.18469926419  2.803069E-17
4030.25197466678  3.128387E-17
4034.31925006937  3.686009E-17
4038.38652547196  3.794476E-17
4042.45380087456  3.793140E-17
4046.52107627715  2.880518E-17
4050.58835167974  2.766640E-17
4054.65562708234  2.287994E-17
4058.72290248493  2.655850E-17
4062.79017788752  2.846888E-17
4066.85745329011  2.954301E-17
4070.92472869271  3.767037E-17
4074.9920040953  2.458082E-17
4079.05927949789  2.401117E-17
4083.12655490049  3.193931E-17
4087.19383030308  2.607469E-17
4091.26110570567  2.218811E-17
4095.32838110826  3.105568E-17
****************  3.391902E-17
4103.46293191345  2.349716E-17
4107.53020731604  3.016352E-17
4111.59748271863  3.016229E-17
4115.66475812123  2.428524E-17
4119.73203352382  3.490547E-17
****************  3.694181E-17
4127.86658432901  2.245660E-17
4131.9338597316  2.386425E-17
4136.00113513419  3.119436E-17
****************  3.074676E-17
****************  2.916399E-17
4148.20296134197  3.712695E-17
4152.27023674456  3.278059E-17
4156.33751214715  2.993261E-17
****************  3.597142E-17
4164.47206295234  2.913990E-17
4168.53933835493  2.840880E-17
4172.60661375752  3.541094E-17
4176.67388916012  3.145720E-17
4180.74116456271  2.524093E-17
4184.8084399653  2.559974E-17
4188.8757153679  2.969283E-17
4192.94299077049  3.266698E-17
4197.01026617308  2.863931E-17
4201.07754157568  2.779348E-17
4205.14481697827  1.756364E-17
4209.21209238086  2.574591E-17
4213.27936778345  2.717615E-17
4217.34664318605  2.693124E-17
4221.41391858864  2.396599E-17
4225.48119399123  2.929384E-17
4229.54846939382  3.814113E-17
4233.61574479642  1.888828E-17
4237.68302019901  2.176666E-17
4241.7502956016  2.443679E-17
4245.81757100419  2.678009E-17
4249.88484640679  3.249968E-17
4253.95212180938  3.028968E-17
4258.01939721197  3.085175E-17
4262.08667261457  2.505135E-17
4266.15394801716  2.369359E-17
4270.22122341975  2.445629E-17
4274.28849882234  2.479383E-17
4278.35577422494  2.308860E-17
4282.42304962753  2.268931E-17
4286.49032503012  2.663632E-17
4290.55760043271  2.427957E-17
****************  2.695168E-17
4298.6921512379  3.290350E-17
4302.75942664049  2.575623E-17
4306.82670204308  1.977356E-17
****************  2.430402E-17
****************  2.437259E-17
4319.02852825086  2.104444E-17
4323.09580365346  1.940699E-17
4327.16307905605  2.659217E-17
4331.23035445864  2.370628E-17
4335.29762986123  2.084847E-17
****************  2.062340E-17
4343.43218066642  2.412926E-17
****************  3.038154E-17
4351.56673147161  3.093613E-17
4355.6340068742  2.468859E-17
4359.70128227679  2.881757E-17
4363.76855767938  3.355045E-17
4367.83583308198  2.937684E-17
4371.90310848457  1.610314E-17
4375.97038388716  2.457471E-17
4380.03765928975  2.350261E-17
4384.10493469235  2.162113E-17
4388.17221009494  2.406774E-17
4392.23948549753  2.662655E-17
4396.30676090012  3.355830E-17
4400.37403630272  2.233422E-17
4404.44131170531  2.544135E-17
4408.5085871079  2.762258E-17
4412.5758625105  2.624748E-17
4416.64313791309  2.497901E-17
4420.71041331568  2.283686E-17
4424.77768871827  2.304743E-17
4428.84496412087  2.769902E-17
4432.91223952346  2.639969E-17
4436.97951492605  2.424430E-17
4441.04679032864  1.641945E-17
4445.11406573124  1.460582E-17
4449.18134113383  2.835147E-17
4453.24861653642  2.447826E-17
4457.31589193902  2.238527E-17
4461.38316734161  2.598688E-17
4465.4504427442  2.594356E-17
4469.51771814679  2.429179E-17
4473.58499354939  2.407536E-17
4477.65226895198  2.122842E-17
4481.71954435457  2.279847E-17
4485.78681975716  1.798268E-17
4489.85409515976  2.558745E-17
4493.92137056235  2.701341E-17
4497.98864596494  2.641148E-17
4502.05592136754  2.532109E-17
4506.12319677013  2.234844E-17
****************  2.049532E-17
****************  1.989824E-17
4518.32502297791  2.257669E-17
4522.3922983805  3.101789E-17
4526.45957378309  2.821832E-17
4530.52684918568  2.835032E-17
4534.59412458828  2.109481E-17
4538.66139999087  2.550614E-17
4542.72867539346  2.796285E-17
4546.79595079606  2.390014E-17
4550.86322619865  1.892507E-17
4554.93050160124  2.332877E-17
4558.99777700383  2.832101E-17
4563.06505240643  2.515833E-17
4567.13232780902  3.133984E-17
4571.19960321161  2.975148E-17
4575.2668786142  2.238209E-17
4579.3341540168  2.579749E-17
4583.40142941939  2.013274E-17
4587.46870482198  1.928944E-17
4591.53598022458  1.461019E-17
****************  2.030947E-17
4599.67053102976  2.030221E-17
4603.73780643235  2.916245E-17
4607.80508183495  2.164175E-17
4611.87235723754  1.621763E-17
4615.93963264013  2.184073E-17
4620.00690804272  2.345640E-17
4624.07418344532  2.407750E-17
4628.14145884791  3.357133E-17
4632.2087342505  3.312312E-17
4636.2760096531  2.506408E-17
4640.34328505569  2.069514E-17
4644.41056045828  1.564607E-17
****************  1.793238E-17
4652.54511126347  2.517341E-17
4656.61238666606  2.432916E-17
4660.67966206865  2.677693E-17
4664.74693747124  2.594002E-17
****************  2.304200E-17
4672.88148827643  2.492445E-17
4676.94876367902  2.145529E-17
4681.01603908161  2.264946E-17
4685.08331448421  2.168266E-17
4689.1505898868  1.722808E-17
****************  1.920699E-17
4697.28514069199  2.276751E-17
4701.35241609458  2.804576E-17
4705.41969149717  2.071481E-17
****************  1.868088E-17
4713.55424230236  1.744533E-17
4717.62151770495  1.599104E-17
4721.68879310754  2.369345E-17
4725.75606851014  2.849867E-17
4729.82334391273  2.924392E-17
4733.89061931532  2.505286E-17
4737.95789471791  1.764299E-17
4742.02517012051  1.825961E-17
4746.0924455231  2.476290E-17
4750.15972092569  1.600038E-17
4754.22699632828  2.131802E-17
4758.29427173088  2.556258E-17
4762.36154713347  1.702565E-17
****************  1.834492E-17
****************  2.002872E-17
4774.56337334125  2.353989E-17
4778.63064874384  2.128550E-17
4782.69792414643  2.778265E-17
****************  2.612743E-17
4790.83247495162  2.579308E-17
4794.89975035421  1.703337E-17
4798.9670257568  1.687446E-17
4803.0343011594  1.547597E-17
4807.10157656199  2.694464E-17
4811.16885196458  1.927139E-17
4815.23612736717  1.241826E-17
****************  2.449971E-17
4823.37067817236  2.309603E-17
4827.43795357495  2.385043E-17
4831.50522897754  2.533130E-17
4835.57250438014  2.361822E-17
4839.63977978273  2.117923E-17
4843.70705518532  1.863925E-17
4847.77433058792  2.265908E-17
4851.84160599051  1.750432E-17
4855.9088813931  1.746577E-17
4859.97615679569  2.532752E-17
4864.04343219829  1.519804E-17
4868.11070760088  1.409593E-17
4872.17798300347  2.033373E-17
4876.24525840606  2.077612E-17
4880.31253380866  2.447469E-17
4884.37980921125  2.832516E-17
4888.44708461384  2.241590E-17
4892.51436001644  1.411648E-17
4896.58163541903  1.659964E-17
4900.64891082162  2.532777E-17
4904.71618622421  2.577659E-17
4908.78346162681  2.205903E-17
4912.8507370294  1.937341E-17
****************  1.541057E-17
****************  1.890030E-17
4925.05256323718  2.402449E-17
4929.11983863977  2.597663E-17
****************  2.227605E-17
4937.25438944496  1.699040E-17
4941.32166484755  1.502354E-17
4945.38894025014  2.374834E-17
****************  1.867941E-17
****************  1.952742E-17
4957.59076645792  2.260614E-17
4961.65804186051  1.753288E-17
4965.7253172631  1.601261E-17
***************  2.090921E-17
4973.85986806829  2.012295E-17
4977.92714347088  2.429636E-17
4981.99441887348  2.302117E-17
4986.06169427607  1.885925E-17
4990.12896967866  2.237317E-17
4994.19624508125  2.268128E-17
4998.26352048385  2.307284E-17
5002.33079588644  2.430916E-17
5006.39807128903  2.048612E-17
5010.46534669163  2.023649E-17
5014.53262209422  2.177207E-17
5018.59989749681  1.316962E-17
5022.6671728994  1.715540E-17
5026.734448302  2.737900E-17
5030.80172370459  2.456110E-17
5034.86899910718  1.847719E-17
5038.93627450977  1.252575E-17
5043.00354991237  2.470033E-17
5047.07082531496  1.999923E-17
5051.13810071755  2.143229E-17
5055.20537612015  1.939007E-17
5059.27265152274  2.321178E-17
5063.33992692533  2.776342E-17
5067.40720232792  2.595737E-17
5071.47447773052  2.123875E-17
5075.54175313311  2.356439E-17
5079.6090285357  1.897275E-17
5083.67630393829  2.374310E-17
5087.74357934089  2.313004E-17
5091.81085474348  2.570633E-17
5095.87813014607  2.252195E-17
5099.94540554866  2.240196E-17
5104.01268095126  2.697516E-17
5108.07995635385  2.947943E-17
5112.14723175644  2.490500E-17
5116.21450715904  2.127905E-17
5120.28178256163  1.404689E-17
5124.34905796422  1.451221E-17
5128.41633336681  1.456819E-17
5132.48360876941  1.911799E-17
5136.550884172  1.093984E-17
5140.61815957459  1.633869E-17
5144.68543497718  2.335405E-17
5148.75271037978  1.480591E-17
5152.81998578237  1.261733E-17
5156.88726118496  1.492715E-17
5160.95453658756  1.805063E-17
5165.02181199015  2.037527E-17
5169.08908739274  2.245145E-17
5173.15636279533  2.090027E-17
5177.22363819793  1.137489E-17
5181.29091360052  1.310793E-17
5185.35818900311  2.367944E-17
5189.4254644057  2.046677E-17
5193.4927398083  2.353883E-17
5197.56001521089  2.388886E-17
5201.62729061348  2.115081E-17
5205.69456601608  1.573547E-17
5209.76184141867  2.496902E-17
5213.82911682126  1.497050E-17
5217.89639222385  1.948377E-17
5221.96366762645  1.876253E-17
5226.03094302904  1.806368E-17
5230.09821843163  2.099773E-17
5234.16549383422  1.642058E-17
5238.23276923682  1.788158E-17
5242.30004463941  2.160147E-17
5246.367320042  2.104004E-17
5250.43459544459  2.111035E-17
5254.50187084719  2.079015E-17
5258.56914624978  1.425590E-17
5262.63642165237  1.380829E-17
5266.70369705497  1.575252E-17
5270.77097245756  1.322922E-17
5274.83824786015  2.296395E-17
5278.90552326274  2.382750E-17
5282.97279866534  1.762711E-17
5287.04007406793  1.774338E-17
5291.10734947052  2.123797E-17
5295.17462487311  2.823766E-17
5299.24190027571  2.302387E-17
5303.3091756783  2.003612E-17
5307.37645108089  2.279880E-17
5311.44372648348  2.440689E-17
5315.51100188608  1.675423E-17
5319.57827728867  2.138663E-17
5323.64555269126  1.907212E-17
5327.71282809386  2.013530E-17
5331.78010349645  2.167735E-17
5335.84737889904  2.101419E-17
5339.91465430163  2.670936E-17
5343.98192970423  1.431062E-17
5348.04920510682  1.950627E-17
5352.11648050941  1.808392E-17
5356.18375591201  1.117011E-17
5360.2510313146  1.736739E-17
5364.31830671719  1.781863E-17
5368.38558211978  1.539634E-17
5372.45285752238  1.362037E-17
5376.52013292497  1.455759E-17
5380.58740832756  1.022034E-17
5384.65468373015  1.202779E-17
5388.72195913275  1.830968E-17
5392.78923453534  1.003445E-17
5396.85650993793  1.565439E-17
5400.92378534053  2.789965E-17
5404.99106074312  2.109209E-17
5409.05833614571  1.118960E-17
5413.1256115483  8.209669E-18
5417.1928869509  2.209016E-17
5421.26016235349  1.947699E-17
5425.32743775608  1.399459E-17
5429.39471315867  1.281733E-17
5433.46198856127  8.230291E-18
5437.52926396386  1.146678E-17
5441.59653936645  1.133047E-17
5445.66381476904  4.908567E-18
5449.73109017164  1.668736E-17
5453.79836557423  1.693170E-17
5457.86564097682  1.173959E-17
5461.93291637942  1.473908E-17
5466.00019178201  2.225000E-17
5470.0674671846  2.384296E-17
5474.13474258719  1.515689E-17
5478.20201798979  1.903126E-17
5482.26929339238  2.324425E-17
5486.33656879497  1.902831E-17
5490.40384419757  2.040583E-17
5494.47111960016  2.185356E-17
5498.53839500275  1.979361E-17
5502.60567040534  2.335160E-17
5506.67294580794  2.049801E-17
5510.74022121053  2.368057E-17
5514.80749661312  1.588678E-17
5518.87477201571  1.461725E-17
5522.94204741831  1.357798E-17
5527.0093228209  1.428634E-17
5531.07659822349  2.054639E-17
5535.14387362609  2.435110E-17
5539.21114902868  1.775554E-17
5543.27842443127  1.940404E-17
5547.34569983386  2.477051E-17
5551.41297523646  2.485603E-17
5555.48025063905  1.969375E-17
5559.54752604164  1.376655E-17
5563.61480144423  1.479966E-17
5567.68207684683  2.541392E-17
5571.74935224942  2.086374E-17
5575.81662765201  8.728089E-18
5579.8839030546  9.352259E-18
5583.9511784572  2.615701E-17
5588.01845385979  1.687045E-17
5592.08572926238  1.455501E-17
5596.15300466498  2.207029E-17
5600.22028006757  1.866359E-17
5604.28755547016  1.971495E-17
5608.35483087275  1.879309E-17
5612.42210627535  1.992893E-17
5616.48938167794  1.767353E-17
5620.55665708053  1.535168E-17
5624.62393248312  1.707761E-17
5628.69120788572  1.629920E-17
5632.75848328831  1.600704E-17
5636.8257586909  1.894550E-17
5640.8930340935  1.770858E-17
5644.96030949609  1.493173E-17
5649.02758489868  1.213963E-17
5653.09486030127  1.582167E-17
5657.16213570387  2.346300E-17
5661.22941110646  1.478090E-17
5665.29668650905  1.523231E-17
5669.36396191164  1.426351E-17
5673.43123731424  8.560989E-18
5677.49851271683  1.527610E-17
5681.56578811942  2.182134E-17
5685.63306352201  1.904888E-17
5689.70033892461  1.237707E-17
5693.7676143272  1.131450E-17
5697.83488972979  1.392631E-17
5701.90216513239  1.143472E-17
5705.96944053498  1.330403E-17
5710.03671593757  1.727332E-17
5714.10399134017  2.118507E-17
5718.17126674276  1.932929E-17
5722.23854214535  2.219795E-17
5726.30581754794  1.861392E-17
5730.37309295053  1.580638E-17
5734.44036835313  1.772154E-17
5738.50764375572  1.209810E-17
5742.57491915831  1.510331E-17
5746.64219456091  1.332709E-17
5750.7094699635  1.676049E-17
5754.77674536609  1.352175E-17
5758.84402076868  1.450341E-17
5762.91129617128  1.029882E-17
5766.97857157387  8.255338E-18
5771.04584697646  1.881247E-17
5775.11312237906  1.318606E-17
5779.18039778165  1.356807E-17
5783.24767318424  2.283766E-17
5787.31494858684  1.166700E-17
5791.38222398943  2.115538E-17
5795.44949939202  1.314409E-17
5799.51677479461  1.097522E-17
5803.5840501972  7.535553E-18
5807.6513255998  1.975731E-17
5811.71860100239  2.195976E-17
5815.78587640498  1.078165E-17
5819.85315180758  1.659426E-17
5823.92042721017  1.589573E-17
5827.98770261276  1.346005E-17
5832.05497801535  2.096820E-17
5836.12225341795  1.790362E-17
5840.18952882054  1.237701E-17
5844.25680422313  2.075450E-17
5848.32407962572  2.327110E-17
5852.39135502832  1.081344E-17
5856.45863043091  1.777474E-17
5860.5259058335  2.311946E-17
5864.5931812361  1.922042E-17
5868.66045663869  1.631424E-17
5872.72773204128  1.620161E-17
5876.79500744387  6.557677E-18
5880.86228284647  1.546710E-17
5884.92955824906  1.313921E-17
5888.99683365165  1.464442E-17
5893.06410905424  1.726398E-17
5897.13138445684  1.603465E-17
5901.19865985943  2.159663E-17
5905.26593526202  1.856172E-17
5909.33321066462  8.240689E-18
5913.40048606721  9.943639E-18
5917.4677614698  1.607727E-17
5921.53503687239  1.846338E-17
5925.60231227499  1.260599E-17
5929.66958767758  9.815730E-18
5933.73686308017  1.126716E-17
5937.80413848276  2.124555E-17
5941.87141388536  1.674891E-17
5945.93868928795  1.643915E-17
5950.00596469054  2.444980E-17
5954.07324009314  1.992214E-17
5958.14051549573  2.259603E-17
5962.20779089832  2.628794E-17
5966.27506630091  1.633239E-17
5970.34234170351  1.127592E-17
5974.4096171061  1.142017E-17
5978.47689250869  6.700422E-18
5982.54416791128  1.614612E-17
5986.61144331388  1.456830E-17
5990.67871871647  1.126308E-17
5994.74599411906  1.330032E-17
5998.81326952166  1.644703E-17
6002.88054492425  1.864846E-17
6006.94782032684  2.026809E-17
6011.01509572943  2.377126E-17
6015.08237113203  1.877983E-17
6019.14964653462  1.936963E-17
6023.21692193721  1.715351E-17
6027.2841973398  1.322068E-17
6031.3514727424  1.928688E-17
6035.41874814499  1.624648E-17
6039.48602354758  1.224543E-17
6043.55329895017  1.296927E-17
6047.62057435277  9.536511E-18
6051.68784975536  1.272519E-17
6055.75512515795  1.739907E-17
6059.82240056054  1.778108E-17
6063.88967596314  2.001842E-17
6067.95695136573  1.634069E-17
6072.02422676833  1.368597E-17
6076.09150217092  1.426891E-17
6080.15877757351  9.984491E-18
6084.2260529761  1.439895E-17
6088.2933283787  1.973185E-17
6092.36060378129  1.413699E-17
6096.42787918388  1.322649E-17
6100.49515458647  1.259043E-17
6104.56242998907  1.491246E-17
6108.62970539166  1.856434E-17
6112.69698079425  1.526115E-17
6116.76425619684  1.662946E-17
6120.83153159944  1.524271E-17
6124.89880700203  1.667899E-17
6128.96608240462  1.171647E-17
6133.03335780721  1.185004E-17
6137.10063320981  1.621051E-17
6141.1679086124  1.236486E-17
6145.23518401499  1.229746E-17
6149.30245941759  1.567004E-17
6153.36973482018  1.282818E-17
6157.43701022277  1.365970E-17
6161.50428562536  1.959797E-17
6165.57156102796  1.522571E-17
6169.63883643055  1.440433E-17
6173.70611183314  1.594641E-17
6177.77338723573  1.465123E-17
6181.84066263833  1.212472E-17
6185.90793804092  1.244170E-17
6189.97521344351  1.608412E-17
6194.04248884611  1.861392E-17
6198.1097642487  1.433490E-17
6202.17703965129  1.028833E-17
6206.24431505388  1.302008E-17
6210.31159045648  1.262483E-17
6214.37886585907  9.663294E-18
6218.44614126166  1.501715E-17
6222.51341666425  1.214090E-17
6226.58069206685  1.380351E-17
6230.64796746944  1.461539E-17
6234.71524287203  1.639295E-17
6238.78251827463  1.680762E-17
6242.84979367722  1.104304E-17
6246.91706907981  1.386171E-17
6250.9843444824  1.747692E-17
6255.051619885  1.540833E-17
6259.11889528759  1.366691E-17
6263.18617069018  1.276209E-17
6267.25344609277  1.428082E-17
6271.32072149537  1.423195E-17
6275.38799689796  1.006765E-17
6279.45527230055  1.141636E-17
6283.52254770314  1.445447E-17
6287.58982310574  1.308504E-17
6291.65709850833  9.391595E-18
6295.72437391092  8.246504E-18
6299.79164931352  1.495577E-17
6303.85892471611  1.411656E-17
6307.9262001187  6.324187E-18
6311.99347552129  6.707361E-18
6316.06075092389  1.081882E-17
6320.12802632648  1.618376E-17
6324.19530172907  1.540499E-17
6328.26257713167  1.322489E-17
6332.32985253426  1.414243E-17
6336.39712793685  1.634240E-17
6340.46440333944  1.159302E-17
6344.53167874204  6.778424E-18
6348.59895414463  1.414506E-17
6352.66622954722  1.603761E-17
6356.73350494981  1.564739E-17
6360.80078035241  1.504811E-17
6364.868055755  1.212198E-17
6368.93533115759  1.159524E-17
6373.00260656019  1.492334E-17
6377.06988196278  1.441087E-17
6381.13715736537  1.287248E-17
6385.20443276796  1.134370E-17
6389.27170817056  1.221938E-17
6393.33898357315  1.534255E-17
6397.40625897574  1.374939E-17
6401.47353437833  1.305157E-17
6405.54080978093  1.515931E-17
6409.60808518352  1.456568E-17
6413.67536058611  1.035817E-17
6417.74263598871  8.901030E-18
6421.8099113913  1.267465E-17
6425.87718679389  1.666351E-17
6429.94446219648  1.554034E-17
6434.01173759908  1.414263E-17
6438.07901300167  1.214435E-17
6442.14628840426  1.392173E-17
6446.21356380685  1.280561E-17
6450.28083920945  1.167512E-17
6454.34811461204  1.369611E-17
6458.41539001463  1.254477E-17
6462.48266541722  1.254564E-17
6466.54994081982  1.521421E-17
6470.61721622241  1.382011E-17
6474.684491625  1.250318E-17
6478.75176702759  1.528288E-17
6482.81904243019  1.691972E-17
6486.88631783278  1.447735E-17
6490.95359323538  1.416795E-17
6495.02086863797  1.156986E-17
6499.08814404056  1.129028E-17
6503.15541944315  1.497728E-17
6507.22269484575  1.915298E-17
6511.28997024834  1.620963E-17
6515.35724565093  1.419253E-17
6519.42452105352  1.669289E-17
6523.49179645612  1.467293E-17
6527.55907185871  1.270295E-17
6531.6263472613  1.292376E-17
6535.69362266389  1.433050E-17
6539.76089806649  1.356291E-17
6543.82817346908  1.097430E-17
6547.89544887167  1.754623E-17
6551.96272427426  1.606613E-17
6556.02999967686  1.274385E-17
6560.09727507945  2.065197E-17
6564.16455048204  1.672928E-17
6568.23182588464  1.260577E-17
6572.29910128723  1.170668E-17
6576.36637668982  1.222262E-17
6580.43365209241  1.184564E-17
6584.50092749501  1.590568E-17
6588.5682028976  1.963619E-17
6592.63547830019  1.557405E-17
6596.70275370278  1.409975E-17
6600.77002910538  1.367274E-17
6604.83730450797  1.727616E-17
6608.90457991056  1.160417E-17
6612.97185531316  1.545366E-17
6617.03913071575  1.848016E-17
6621.10640611834  1.443277E-17
6625.17368152093  1.423977E-17
6629.24095692353  1.473524E-17
6633.30823232612  1.303101E-17
6637.37550772871  1.341689E-17
6641.4427831313  1.591171E-17
6645.5100585339  1.590805E-17
6649.57733393649  1.426010E-17
6653.64460933908  1.941592E-17
6657.71188474168  1.519373E-17
6661.77916014427  1.451399E-17
6665.84643554686  1.300656E-17
6669.91371094945  1.494651E-17
6673.98098635205  1.884120E-17
6678.04826175464  1.680748E-17
6682.11553715723  1.137505E-17
6686.18281255982  1.521248E-17
6690.25008796242  1.875670E-17
6694.31736336501  1.393156E-17
6698.3846387676  1.474656E-17
6702.45191417019  1.477907E-17
6706.51918957279  1.261079E-17
6710.58646497538  1.615898E-17
6714.65374037797  1.520605E-17
6718.72101578057  1.039829E-17
6722.78829118316  8.057982E-18
6726.85556658575  1.354196E-17
6730.92284198834  1.852340E-17
6734.99011739094  1.541859E-17
6739.05739279353  1.593276E-17
6743.12466819612  1.869351E-17
6747.19194359871  1.327740E-17
6751.25921900131  8.444369E-18
6755.3264944039  1.258599E-17
6759.39376980649  1.219169E-17
6763.46104520909  1.546263E-17
6767.52832061168  1.750126E-17
6771.59559601427  1.434604E-17
6775.66287141686  9.469977E-18
6779.73014681946  7.535187E-18
6783.79742222205  1.111561E-17
6787.86469762464  1.541400E-17
6791.93197302724  1.499208E-17
6795.99924842983  9.744643E-18
6800.06652383242  9.621331E-18
6804.13379923501  1.397456E-17
6808.20107463761  1.438231E-17
6812.2683500402  1.056506E-17
6816.33562544279  9.843542E-18
6820.40290084538  1.470567E-17
6824.47017624798  1.659386E-17
6828.53745165057  1.536997E-17
6832.60472705316  1.260388E-17
6836.67200245576  1.152905E-17
6840.73927785835  1.166009E-17
6844.80655326094  1.585075E-17
6848.87382866353  1.827837E-17
6852.94110406612  1.601349E-17
6857.00837946872  1.144542E-17
6861.07565487131  1.056548E-17
6865.1429302739  1.433208E-17
6869.2102056765  1.601822E-17
6873.27748107909  1.178279E-17
6877.34475648168  9.418884E-18
6881.41203188427  8.626643E-18
6885.47930728687  9.231349E-18
6889.54658268946  1.110705E-17
6893.61385809205  1.108915E-17
6897.68113349465  1.069291E-17
6901.74840889724  1.011252E-17
6905.81568429983  1.102737E-17
6909.88295970242  1.384148E-17
6913.95023510502  1.716457E-17
6918.01751050761  1.337761E-17
6922.0847859102  1.052925E-17
6926.15206131279  9.394367E-18
6930.21933671539  8.263647E-18
6934.28661211798  1.611277E-17
6938.35388752057  1.418959E-17
6942.42116292317  1.457446E-17
6946.48843832576  1.033778E-17
6950.55571372835  9.780691E-18
6954.62298913094  1.542298E-17
6958.69026453354  1.348125E-17
6962.75753993613  9.704218E-18
6966.82481533872  9.171145E-18
6970.89209074131  9.799917E-18
6974.95936614391  8.016934E-18
6979.0266415465  9.231602E-18
6983.09391694909  1.203197E-17
6987.16119235168  1.335168E-17
6991.22846775428  1.127165E-17
6995.29574315687  9.375271E-18
6999.36301855946  1.144749E-17
7003.43029396206  1.050356E-17
7007.49756936465  9.231041E-18
7011.56484476724  1.218015E-17
7015.63212016983  1.575828E-17
7019.69939557243  1.550099E-17
7023.76667097502  1.191284E-17
7027.83394637761  1.521809E-17
7031.90122178021  1.754524E-17
7035.9684971828  1.192993E-17
7040.03577258539  1.170701E-17
7044.10304798798  1.389444E-17
7048.17032339057  1.139715E-17
7052.23759879317  1.162931E-17
7056.30487419576  1.229221E-17
7060.37214959835  1.156674E-17
7064.43942500095  1.533926E-17
7068.50670040354  8.615078E-18
7072.57397580613  7.142308E-18
7076.64125120872  1.510435E-17
7080.70852661132  1.161980E-17
7084.77580201391  1.780529E-17
7088.8430774165  1.375998E-17
7092.9103528191  9.366137E-18
7096.97762822169  1.364917E-17
7101.04490362428  1.329505E-17
7105.11217902687  1.162136E-17
7109.17945442947  9.947815E-18
7113.24672983206  1.230462E-17
7117.31400523465  1.040138E-17
7121.38128063724  1.032458E-17
7125.44855603984  9.781471E-18
7129.51583144243  6.714706E-18
7133.58310684502  1.527825E-17
7137.65038224762  2.011712E-17
7141.71765765021  1.181270E-17
7145.7849330528  1.565812E-17
7149.85220845539  1.464007E-17
7153.91948385799  1.537311E-17
7157.98675926058  1.333828E-17
7162.05403466317  1.035390E-17
7166.12131006577  1.096568E-17
7170.18858546836  1.375416E-17
7174.25586087095  1.050202E-17
7178.32313627354  6.728560E-18
7182.39041167614  1.226622E-17
7186.45768707873  1.478399E-17
7190.52496248132  1.177851E-17
7194.59223788391  1.167956E-17
7198.65951328651  1.183356E-17
7202.7267886891  1.080745E-17
7206.79406409169  8.920564E-18
7210.86133949428  1.340647E-17
7214.92861489688  7.465054E-18
7218.99589029947  8.787294E-18
7223.06316570206  1.789645E-17
7227.13044110466  1.821174E-17
7231.19771650725  1.469863E-17
7235.26499190984  9.592040E-18
7239.33226731243  7.169598E-18
7243.39954271503  1.291257E-17
7247.46681811762  1.286614E-17
7251.53409352021  1.004964E-17
7255.6013689228  1.039270E-17
7259.6686443254  1.195655E-17
7263.73591972799  1.248078E-17
7267.80319513058  1.101412E-17
7271.87047053318  1.685565E-17
7275.93774593577  1.537737E-17
7280.00502133836  1.636990E-17
7284.07229674095  1.550288E-17
7288.13957214355  1.719372E-17
7292.20684754614  1.547791E-17
7296.27412294873  1.049143E-17
7300.34139835133  1.209170E-17
7304.40867375392  1.183508E-17
7308.47594915651  1.105717E-17
7312.5432245591  1.293867E-17
7316.6104999617  1.464302E-17
7320.67777536429  1.533895E-17
7324.74505076688  1.251143E-17
7328.81232616947  9.230240E-18
7332.87960157207  9.371200E-18
7336.94687697466  1.549067E-17
7341.01415237725  1.781958E-17
7345.08142777984  1.022488E-17
7349.14870318244  4.652503E-18
7353.21597858503  9.786048E-18
7357.28325398762  1.183747E-17
7361.35052939021  1.466896E-17
7365.41780479281  1.342291E-17
7369.4850801954  1.230422E-17
7373.55235559799  1.260775E-17
7377.61963100059  1.104521E-17
7381.68690640318  1.421114E-17
7385.75418180577  1.986817E-17
7389.82145720836  1.294312E-17
7393.88873261096  1.233677E-17
7397.95600801355  1.367311E-17
7402.02328341614  1.305191E-17
7406.09055881874  1.129116E-17
7410.15783422133  9.826256E-18
7414.22510962392  1.177274E-17
7418.29238502651  1.247234E-17
7422.3596604291  1.240432E-17
7426.4269358317  1.442537E-17
7430.49421123429  1.510096E-17
7434.56148663688  9.056994E-18
7438.62876203948  1.333556E-17
7442.69603744207  1.021433E-17
7446.76331284466  7.682989E-18
7450.83058824726  1.408038E-17
7454.89786364985  8.193848E-18
7458.96513905244  4.806232E-18
7463.03241445503  1.206575E-17
7467.09968985762  1.295795E-17
7471.16696526022  1.396429E-17
7475.23424066281  1.245019E-17
7479.3015160654  1.417199E-17
7483.368791468  1.471004E-17
7487.43606687059  1.392189E-17
7491.50334227318  1.147980E-17
7495.57061767577  1.126242E-17
7499.63789307837  1.227118E-17
7503.70516848096  1.147630E-17
7507.77244388355  1.279268E-17
7511.83971928615  1.309929E-17
7515.90699468874  9.138874E-18
7519.97427009133  8.277916E-18
7524.04154549392  9.026383E-18
7528.10882089652  9.205225E-18
7532.17609629911  1.443632E-17
7536.2433717017  1.450400E-17
7540.3106471043  1.379942E-17
7544.37792250689  1.284285E-17
7548.44519790948  1.098632E-17
7552.51247331207  1.324366E-17
7556.57974871466  1.261844E-17
7560.64702411726  9.419097E-18
7564.71429951985  9.328803E-18
7568.78157492244  1.188750E-17
7572.84885032504  9.983823E-18
7576.91612572763  1.185992E-17
7580.98340113022  1.701775E-17
7585.05067653281  1.405445E-17
7589.11795193541  1.140945E-17
7593.185227338  1.246395E-17
7597.25250274059  9.188034E-18
7601.31977814318  1.306129E-17
7605.38705354578  1.986703E-17
7609.45432894837  1.870856E-17
7613.52160435096  2.038493E-17
7617.58887975356  2.071560E-17
7621.65615515615  1.976013E-17
7625.72343055874  1.680261E-17
7629.79070596133  1.247558E-17
7633.85798136393  1.381321E-17
7637.92525676652  1.381238E-17
7641.99253216911  1.073743E-17
7646.05980757171  1.311923E-17
7650.1270829743  2.134439E-17
7654.19435837689  1.975642E-17
7658.26163377948  1.092438E-17
7662.32890918208  8.169914E-18
7666.39618458467  9.190077E-18
7670.46345998726  1.088281E-17
7674.53073538985  1.033972E-17
7678.59801079245  1.076790E-17
7682.66528619504  1.327363E-17
7686.73256159763  1.510093E-17
7690.79983700023  1.147046E-17
7694.86711240282  9.504997E-18
7698.93438780541  9.991823E-18
7703.001663208  5.389329E-18
7707.0689386106  1.604512E-18
7711.13621401319  6.544215E-18
7715.20348941578  1.555400E-17
7719.27076481837  1.599316E-17
7723.33804022097  1.526484E-17
7727.40531562356  1.613531E-17
7731.47259102615  1.212786E-17
7735.53986642874  8.145066E-18
7739.60714183134  5.019430E-18
7743.67441723393  5.679674E-18
7747.74169263652  1.518383E-17
7751.80896803912  2.014971E-17
7755.87624344171  1.361614E-17
7759.9435188443  1.087071E-17
7764.01079424689  1.290612E-17
7768.07806964949  9.318374E-18
7772.14534505208  6.447581E-18
7776.21262045467  8.323269E-18
7780.27989585726  1.395138E-17
7784.34717125986  2.213655E-17
7788.41444666245  2.496116E-17
7792.48172206504  2.042518E-17
7796.54899746763  1.292857E-17
7800.61627287023  8.410549E-18
7804.68354827282  9.960200E-18
7808.75082367541  1.045436E-17
7812.81809907801  1.599462E-17
7816.8853744806  1.701858E-17
7820.95264988319  1.769771E-17
7825.01992528579  1.057392E-17
7829.08720068838  8.063407E-18
7833.15447609097  7.001272E-18
7837.22175149356  9.385154E-18
7841.28902689615  8.400088E-18
7845.35630229875  1.335327E-17
7849.42357770134  1.946907E-17
7853.49085310393  2.137732E-17
7857.55812850653  1.699648E-17
7861.62540390912  1.011612E-17
7865.69267931171  8.397411E-18
7869.7599547143  9.254686E-18
7873.8272301169  1.132731E-17
7877.89450551949  1.637914E-17
7881.96178092208  1.927730E-17
7886.02905632468  1.774233E-17
7890.09633172727  1.545213E-17
7894.16360712986  1.136034E-17
7898.23088253245  1.002189E-17
7902.29815793504  1.519861E-17
7906.36543333764  1.850195E-17
7910.43270874023  2.416251E-17
7914.49998414282  2.268840E-17
7918.56725954542  1.654315E-17
7922.63453494801  1.188656E-17
7926.7018103506  7.696014E-18
7930.76908575319  1.100344E-17
7934.83636115579  1.180608E-17
7938.90363655838  1.377259E-17
7942.97091196097  1.681027E-17
7947.03818736357  1.430918E-17
7951.10546276616  9.158065E-18
7955.17273816875  7.829446E-18
7959.24001357134  5.963696E-18
7963.30728897394  1.221118E-17
7967.37456437653  1.892388E-17
7971.44183977912  1.465231E-17
7975.50911518171  1.091139E-17
7979.57639058431  1.330144E-17
7983.6436659869  1.053749E-17
7987.71094138949  5.746672E-18
7991.77821679209  9.517682E-18
7995.84549219468  1.239045E-17
7999.91276759727  1.035048E-17
8003.98004299986  1.130071E-17
8008.04731840246  1.167191E-17
8012.11459380505  1.026819E-17
8016.18186920764  1.082419E-17
8020.24914461023  1.349536E-17
8024.31642001283  1.201476E-17
8028.38369541542  8.723567E-18
8032.45097081801  1.241094E-17
8036.51824622061  1.236232E-17
8040.5855216232  9.650844E-18
8044.65279702579  1.390415E-17
8048.72007242838  1.477535E-17
8052.78734783098  1.381367E-17
8056.85462323357  1.312228E-17
8060.92189863616  1.258084E-17
8064.98917403875  1.368900E-17
8069.05644944135  1.369671E-17
8073.12372484394  1.140159E-17
8077.19100024653  7.585273E-18
8081.25827564913  9.115924E-18
8085.32555105172  1.144644E-17
8089.39282645431  1.421285E-17
8093.4601018569  1.837196E-17
8097.5273772595  1.366890E-17
8101.59465266209  1.046511E-17
8105.66192806468  1.252643E-17
8109.72920346727  1.260500E-17
8113.79647886987  1.239253E-17
8117.86375427246  1.066846E-17
8121.93102967505  9.396537E-18
8125.99830507764  1.184357E-17
8130.06558048024  1.414591E-17
8134.13285588283  1.388095E-17
8138.20013128542  1.325273E-17
8142.26740668802  1.300449E-17
8146.33468209061  1.166514E-17
8150.4019574932  1.342350E-17
8154.46923289579  1.549259E-17
8158.53650829839  1.407303E-17
8162.60378370098  1.090735E-17
8166.67105910357  1.037748E-17
8170.73833450617  1.514594E-17
8174.80560990876  1.126010E-17
8178.87288531135  1.695341E-17
8182.94016071394  1.447859E-17
8187.00743611653  1.011109E-17
8191.07471151913  7.894144E-18
8195.14198692172  7.601195E-18
8199.20926232431  9.759293E-18
8203.27653772691  9.674214E-18
8207.3438131295  1.046784E-17
8211.41108853209  1.003782E-17
8215.47836393469  1.304893E-17
8219.54563933728  1.227483E-17
8223.61291473987  1.220416E-17
8227.68019014246  1.361175E-17
8231.74746554506  1.248293E-17
8235.81474094765  1.302952E-17
8239.88201635024  1.160436E-17
8243.94929175283  9.589639E-18
8248.01656715543  1.012053E-17
8252.08384255802  1.265092E-17
8256.15111796061  1.418844E-17
8260.21839336321  1.037197E-17
8264.2856687658  1.177757E-17
8268.35294416839  1.446636E-17
8272.42021957098  1.116900E-17
8276.48749497357  9.413197E-18
8280.55477037617  1.147451E-17
8284.62204577876  1.088861E-17
8288.68932118136  9.839945E-18
8292.75659658395  8.822186E-18
8296.82387198654  1.143160E-17
8300.89114738913  1.697772E-17
8304.95842279173  1.469462E-17
8309.02569819432  9.502921E-18
8313.09297359691  8.703059E-18
8317.1602489995  1.162627E-17
8321.2275244021  1.113946E-17
8325.29479980469  9.196820E-18
8329.36207520728  1.079812E-17
8333.42935060987  6.921890E-18
8337.49662601247  4.765437E-18
8341.56390141506  4.840092E-18
8345.63117681765  5.858778E-18
8349.69845222024  7.037446E-18
8353.76572762284  1.012224E-17
8357.83300302543  1.583061E-17
8361.90027842802  1.206491E-17
8365.96755383061  7.033435E-18
8370.03482923321  8.775857E-18
8374.1021046358  6.670564E-18
8378.1693800384  1.013746E-17
8382.23665544099  1.452635E-17
8386.30393084358  9.853481E-18
8390.37120624617  1.037279E-17
8394.43848164877  1.228138E-17
8398.50575705136  1.042918E-17
8402.57303245395  1.024205E-17
8406.64030785654  9.317845E-18
8410.70758325914  1.001570E-17
8414.77485866173  1.181455E-17
8418.84213406432  1.194918E-17
8422.90940946691  8.495239E-18
8426.97668486951  1.238508E-17
8431.0439602721  1.104588E-17
8435.11123567469  1.185855E-17
8439.17851107728  1.137956E-17
8443.24578647988  8.418420E-18
8447.31306188247  6.538416E-18
8451.38033728506  7.937484E-18
8455.44761268766  7.653391E-18
8459.51488809025  1.024188E-17
8463.58216349284  1.074822E-17
8467.64943889544  7.500351E-18
8471.71671429802  7.557158E-18
8475.78398970062  9.410973E-18
8479.85126510321  1.253156E-17
8483.9185405058  1.336704E-17
8487.9858159084  1.103984E-17
8492.05309131099  1.278713E-17
8496.12036671358  1.391937E-17
8500.18764211618  1.125245E-17
8504.25491751877  9.483820E-18
8508.32219292136  9.060491E-18
8512.38946832395  8.317725E-18
8516.45674372655  8.659366E-18
8520.52401912914  1.251200E-17
8524.59129453173  8.631123E-18
8528.65856993432  6.072158E-18
8532.72584533692  1.075902E-17
8536.79312073951  1.355965E-17
8540.8603961421  1.100689E-17
8544.9276715447  1.378681E-17
8548.99494694729  1.000654E-17
8553.06222234988  8.687041E-18
8557.12949775247  9.715909E-18
8561.19677315506  7.550272E-18
8565.26404855766  1.069572E-17
8569.33132396025  1.611993E-17
8573.39859936285  1.193299E-17
8577.46587476544  1.300860E-17
8581.53315016803  1.338565E-17
8585.60042557062  1.054605E-17
8589.66770097322  8.445345E-18
8593.73497637581  7.845472E-18
8597.8022517784  1.181707E-17
8601.86952718099  9.881367E-18
8605.93680258359  5.859613E-18
8610.00407798618  1.088116E-17
8614.07135338877  1.371885E-17
8618.13862879136  1.453971E-17
8622.20590419396  1.929311E-17
8626.27317959655  1.770738E-17
8630.34045499914  9.357999E-18
8634.40773040173  6.145827E-18
8638.47500580433  6.342433E-18
8642.54228120692  2.883199E-18
8646.60955660951  1.555625E-18
8650.6768320121  8.401838E-18
8654.7441074147  1.127234E-17
8658.81138281729  1.109375E-17
8662.87865821989  1.432929E-17
8666.94593362248  1.423609E-17
8671.01320902507  1.146863E-17
8675.08048442766  1.255623E-17
8679.14775983025  9.925571E-18
8683.21503523285  9.812603E-18
8687.28231063544  8.248075E-18
8691.34958603803  8.805796E-18
8695.41686144063  9.250331E-18
8699.48413684322  1.033271E-17
8703.55141224581  6.839252E-18
8707.6186876484  9.649066E-18
8711.685963051  1.460816E-17
8715.75323845359  1.225471E-17
8719.82051385618  7.796520E-18
8723.88778925877  9.099701E-18
8727.95506466137  1.198473E-17
8732.02234006396  8.651332E-18
8736.08961546655  9.129597E-18
8740.15689086914  8.644185E-18
8744.22416627174  8.425186E-18
8748.29144167433  1.078236E-17
8752.35871707693  1.194565E-17
8756.42599247952  5.069933E-18
8760.49326788211  2.348333E-18
8764.5605432847  1.535070E-18
8768.6278186873  -6.251352E-18
8772.69509408989  -3.914930E-18
8776.76236949248  -1.721436E-18
8780.82964489507  8.966214E-18
8784.89692029767  1.392875E-17
8788.96419570026  1.270259E-17
8793.03147110285  8.592594E-18
8797.09874650544  7.922049E-18
8801.16602190804  8.287074E-18
8805.23329731063  4.274793E-18
8809.30057271322  3.205400E-18
8813.36784811581  7.034455E-18
8817.43512351841  6.235060E-18
8821.502398921  9.824941E-18
8825.56967432359  2.057177E-17
8829.63694972618  2.161541E-17
8833.70422512878  1.843962E-17
8837.77150053137  1.540379E-17
8841.83877593396  1.081035E-17
8845.90605133655  1.127170E-17
8849.97332673915  1.250665E-17
8854.04060214174  8.500920E-18
8858.10787754433  7.919666E-19
8862.17515294693  -2.180792E-18
8866.24242834952  3.581165E-18
8870.30970375211  1.195679E-17
8874.37697915471  2.164610E-17
8878.4442545573  3.983364E-17
8882.51152995989  3.240676E-17
8886.57880536248  2.421121E-17
8890.64608076508  1.392927E-17
8894.71335616767  7.767827E-18
8898.78063157026  7.827460E-18
8902.84790697285  8.032145E-18
8906.91518237545  -2.044475E-18
8910.98245777804  -2.577696E-19
8915.04973318063  -5.819606E-18
8919.11700858322  -5.830852E-18
8923.18428398582  9.502461E-18
8927.25155938841  1.316359E-17
8931.318834791  1.343981E-17
8935.38611019359  1.774219E-17
8939.45338559619  1.732929E-17
8943.52066099878  1.970784E-17
8947.58793640137  1.743377E-17
8951.65521180397  6.869853E-18
8955.72248720656  3.364484E-18
8959.78976260915  7.217046E-18
8963.85703801174  1.009812E-17
8967.92431341434  1.295943E-17
8971.99158881693  1.400898E-17
8976.05886421952  1.105047E-17
8980.12613962212  8.228156E-18
8984.19341502471  8.942387E-18
8988.2606904273  1.634622E-17
8992.32796582989  2.273689E-17
8996.39524123249  2.421115E-17
9000.46251663508  1.820733E-17
9004.52979203767  1.057152E-17
9008.59706744026  1.138939E-17
9012.66434284286  9.092404E-18
9016.73161824545  1.158206E-17
9020.79889364804  1.018338E-17
9024.86616905063  1.044829E-17
9028.93344445323  5.187170E-18
9033.00071985582  1.066778E-17
9037.06799525842  9.644899E-18
9041.13527066101  9.610902E-18
9045.2025460636  1.259400E-17
9049.26982146619  1.075631E-17
9053.33709686878  1.131925E-17
9057.40437227137  9.819046E-18
9061.47164767397  7.419650E-18
9065.53892307656  5.331781E-18
9069.60619847916  6.530200E-18
9073.67347388175  8.513993E-18
9077.74074928434  6.613706E-18
9081.80802468693  7.260087E-18
9085.87530008953  9.601212E-18
9089.94257549212  8.526713E-18
9094.00985089471  1.039251E-17
9098.0771262973  1.513300E-17
9102.1444016999  1.282849E-17
9106.21167710249  9.527425E-18
9110.27895250508  1.389400E-17
9114.34622790767  1.271154E-17
9118.41350331027  6.454671E-18
9122.48077871286  6.330815E-18
9126.54805411545  9.194145E-18
9130.61532951805  1.290217E-17
9134.68260492064  9.005172E-18
9138.74988032323  1.733898E-17
9142.81715572583  1.694396E-17
9146.88443112842  1.697806E-17
9150.95170653101  1.358064E-17
9155.0189819336  8.449822E-18
9159.0862573362  1.671510E-17
9163.15353273879  1.326022E-17
9167.22080814138  5.957193E-18
9171.28808354397  7.616424E-18
9175.35535894657  6.910259E-18
9179.42263434916  6.494207E-18
9183.48990975175  9.411795E-18
9187.55718515434  1.142438E-17
9191.62446055694  1.307637E-17
9195.69173595953  1.582034E-17
9199.75901136212  1.391897E-17
9203.82628676471  1.711570E-17
9207.89356216731  1.932199E-17
9211.9608375699  1.251101E-17
9216.02811297249  1.266808E-17
9220.09538837508  1.008589E-17
9224.16266377768  6.000375E-18
9228.22993918027  7.611643E-18
9232.29721458286  7.627013E-18
9236.36448998546  6.753173E-18
9240.43176538805  8.786418E-18
9244.49904079064  8.595939E-18
9248.56631619324  6.319602E-18
9252.63359159583  1.093062E-17
9256.70086699842  1.698444E-17
9260.76814240101  8.915462E-18
9264.83541780361  7.175782E-18
9268.9026932062  1.325907E-17
9272.96996860879  1.089601E-17
9277.03724401138  4.257485E-18
9281.10451941398  7.287542E-18
9285.17179481657  5.231092E-18
9289.23907021916  7.500470E-18
9293.30634562175  1.315627E-17
9297.37362102435  2.251428E-17
9301.44089642694  1.744899E-17
9305.50817182953  1.256987E-17
9309.57544723212  2.533886E-17
9313.64272263472  2.872788E-17
9317.70999803731  1.539323E-17
9321.7772734399  1.380498E-18
9325.84454884249  -1.974427E-18
9329.91182424509  9.617845E-18
9333.97909964768  1.705741E-17
9338.04637505027  6.449584E-18
9342.11365045287  -3.047517E-18
9346.18092585546  8.736355E-18
9350.24820125805  2.243338E-17
9354.31547666065  1.178871E-17
9358.38275206324  1.011505E-17
9362.45002746583  1.764567E-17
9366.51730286842  3.845974E-18
9370.58457827102  2.535662E-19
9374.65185367361  1.274562E-17
9378.7191290762  2.123160E-17
9382.78640447879  2.409901E-17
9386.85367988139  1.310550E-17
9390.92095528398  2.534487E-18
9394.98823068657  1.113159E-17
9399.05550608916  1.359525E-17
9403.12278149176  1.080501E-17
9407.19005689435  1.376841E-17
9411.25733229694  1.743731E-17
9415.32460769954  2.767500E-17
9419.39188310213  1.942774E-17
9423.45915850472  6.470297E-18
9427.52643390731  1.442215E-17
9431.5937093099  1.202676E-17
9435.6609847125  7.773732E-18
9439.72826011509  6.075032E-19
9443.79553551769  7.344705E-18
9447.86281092028  2.063779E-17
9451.93008632287  6.900876E-18
9455.99736172546  6.056592E-18
9460.06463712806  1.480067E-17
9464.13191253065  1.598788E-17
9468.19918793324  1.551134E-17
9472.26646333583  7.153383E-18
9476.33373873843  1.449134E-17
9480.40101414102  2.490059E-17
9484.46828954361  1.765307E-17
9488.5355649462  1.852474E-17
9492.6028403488  1.432964E-17
9496.67011575139  3.924721E-18
9500.73739115398  7.457734E-18
9504.80466655658  2.238275E-18
9508.87194195917  9.371750E-18
9512.93921736176  2.054094E-17
9517.00649276436  8.906918E-18
9521.07376816695  7.746531E-18
9525.14104356954  -6.151872E-19
9529.20831897213  7.909197E-18
9533.27559437473  3.541335E-18
9537.34286977732  9.724752E-18
9541.41014517991  1.814769E-17
9545.4774205825  7.087163E-18
9549.5446959851  1.939130E-17
9553.61197138769  2.796166E-17
9557.67924679028  1.230386E-17
9561.74652219287  9.507231E-19
9565.81379759547  9.595936E-18
9569.88107299806  1.530481E-17
9573.94834840065  5.479469E-18
9578.01562380324  1.015406E-17
9582.08289920584  9.974938E-18
9586.15017460843  -8.050860E-19
9590.21745001102  4.016165E-18
9594.28472541362  2.928128E-18
9598.35200081621  3.946133E-18
9602.4192762188  1.236101E-17
9606.48655162139  1.661203E-17
9610.55382702399  1.446656E-17
9614.62110242658  5.184895E-18
9618.68837782917  1.008710E-17
9622.75565323177  8.408856E-18
9626.82292863436  4.417724E-18
9630.89020403695  4.692132E-18
9634.95747943954  1.069856E-17
9639.02475484214  1.023989E-17
9643.09203024473  1.813012E-17
9647.15930564732  1.374424E-17
9651.22658104992  1.028916E-17
9655.29385645251  8.595538E-18
9659.3611318551  9.814763E-18
9663.42840725769  1.456315E-18
9667.49568266028  7.808175E-20
9671.56295806288  6.978537E-18
9675.63023346547  6.155282E-18
9679.69750886806  9.238358E-18
9683.76478427066  9.205590E-18
9687.83205967325  6.866408E-18
9691.89933507584  7.659634E-18
9695.96661047843  7.605367E-19
9700.03388588103  5.036689E-18
9704.10116128362  1.317338E-17
9708.16843668621  5.198336E-18
9712.2357120888  6.705903E-18
9716.3029874914  1.978573E-17
9720.37026289399  2.397554E-17
9724.43753829658  1.068819E-17
9728.50481369918  5.079587E-18
9732.57208910177  -3.464329E-18
9736.63936450436  1.097330E-18
9740.70663990695  1.242771E-17
9744.77391530955  2.628015E-18
9748.84119071214  7.288364E-18
9752.90846611473  1.328286E-17
9756.97574151732  2.890238E-18
9761.04301691992  9.321895E-18
9765.11029232251  1.809972E-17
9769.1775677251  1.587691E-17
9773.2448431277  1.391420E-17
9777.31211853029  1.040556E-17
9781.37939393288  1.332891E-17
9785.44666933547  2.012156E-17
9789.51394473807  -4.493595E-18
9793.58122014066  1.058099E-18
9797.64849554325  1.741536E-17
9801.71577094584  -1.503889E-18
9805.78304634844  -3.053189E-19
9809.85032175103  9.989537E-18
9813.91759715362  5.082444E-18
9817.98487255622  6.892386E-18
9822.05214795881  1.351084E-17
9826.1194233614  2.052846E-17
9830.18669876399  1.386535E-17
9834.25397416659  1.188005E-17
9838.32124956918  1.876427E-17
9842.38852497177  1.682801E-17
9846.45580037436  9.326636E-18
9850.52307577696  8.439636E-18
9854.59035117955  1.060302E-17
9858.65762658214  5.531559E-18
9862.72490198474  1.002061E-17
9866.79217738733  2.177161E-17
9870.85945278992  1.015542E-17
9874.92672819251  -2.506365E-18
9878.99400359511  9.168887E-18
9883.0612789977  1.163823E-17
9887.12855440029  1.379750E-17
9891.19582980289  1.058202E-17
9895.26310520548  1.625388E-17
9899.33038060807  2.204664E-17
9903.39765601066  1.110580E-17
9907.46493141326  2.073296E-17
9911.53220681585  2.402906E-17
9915.59948221844  7.219557E-18
9919.66675762103  9.192444E-18
9923.73403302363  8.201666E-18
9927.80130842622  9.039788E-18
9931.86858382881  9.623385E-18
9935.9358592314  -4.540377E-18
9940.003134634  6.234764E-18
9944.07041003659  1.635062E-17
9948.13768543918  6.326249E-18
9952.20496084177  9.552094E-18
9956.27223624437  1.167398E-17
9960.33951164696  7.242128E-18
9964.40678704955  1.439212E-17
9968.47406245215  7.474528E-18
9972.54133785474  -4.507509E-19
9976.60861325733  1.010114E-17
9980.67588865992  1.554783E-17
9984.74316406252  1.549649E-17
