3343.482421875  2.720775E-16
3347.55051290449  2.776076E-16
3351.61860393398  3.824166E-16
3355.68669496347  3.802841E-16
3359.75478599297  3.376717E-16
3363.82287702246  3.746061E-16
3367.89096805195  3.691960E-16
3371.95905908144  3.666862E-16
3376.02715011093  3.919419E-16
3380.09524114042  4.110208E-16
3384.16333216991  4.320615E-16
3388.2314231994  3.807068E-16
3392.29951422889  4.024241E-16
3396.36760525838  3.719631E-16
3400.43569628787  4.046311E-16
3404.50378731736  3.914487E-16
3408.57187834685  4.016189E-16
3412.63996937634  4.006812E-16
3416.70806040583  4.276671E-16
3420.77615143532  4.400920E-16
3424.84424246481  4.235823E-16
3428.9123334943  3.664705E-16
3432.9804245238  3.627272E-16
3437.04851555328  4.069757E-16
3441.11660658278  4.299542E-16
3445.18469761227  4.258562E-16
3449.25278864176  4.304980E-16
3453.32087967125  4.356225E-16
3457.38897070074  4.218260E-16
3461.45706173023  4.285526E-16
3465.52515275972  4.329400E-16
3469.59324378921  4.853070E-16
3473.6613348187  4.673647E-16
3477.72942584819  4.589755E-16
****************  4.474793E-16
3485.86560790717  4.493678E-16
3489.93369893666  4.450760E-16
3494.00178996615  4.280607E-16
3498.06988099564  4.099279E-16
3502.13797202513  4.527340E-16
3506.20606305462  4.093886E-16
3510.27415408411  4.309607E-16
3514.3422451136  4.199055E-16
3518.4103361431  4.115518E-16
3522.47842717259  4.288100E-16
3526.54651820208  4.008073E-16
3530.61460923157  3.964836E-16
3534.68270026106  4.357512E-16
3538.75079129055  4.206608E-16
3542.81888232004  4.159971E-16
3546.88697334953  4.218229E-16
3550.95506437902  4.027141E-16
3555.02315540851  4.154078E-16
3559.091246438  3.949794E-16
3563.15933746749  4.039358E-16
3567.22742849698  4.098427E-16
3571.29551952647  4.018744E-16
3575.36361055596  3.980402E-16
3579.43170158545  4.019542E-16
3583.49979261494  4.118385E-16
3587.56788364443  4.117846E-16
3591.63597467392  4.168076E-16
3595.70406570342  4.120527E-16
3599.77215673291  3.973567E-16
3603.8402477624  3.872321E-16
3607.90833879189  4.052336E-16
3611.97642982138  4.098192E-16
3616.04452085087  4.198715E-16
3620.11261188036  4.201637E-16
3624.18070290985  4.428250E-16
3628.24879393934  4.095805E-16
3632.31688496883  3.874302E-16
3636.38497599832  3.962445E-16
3640.45306702781  4.312331E-16
3644.5211580573  3.979973E-16
3648.58924908679  4.071232E-16
3652.65734011628  4.048564E-16
3656.72543114577  4.197726E-16
3660.79352217526  4.065910E-16
3664.86161320475  4.262753E-16
3668.92970423424  4.164403E-16
3672.99779526374  4.166668E-16
3677.06588629323  4.173988E-16
3681.13397732272  4.258430E-16
3685.20206835221  4.148938E-16
3689.2701593817  4.163345E-16
3693.33825041119  4.161087E-16
3697.40634144068  4.163819E-16
3701.47443247017  4.244236E-16
3705.54252349966  4.337778E-16
3709.61061452915  4.339766E-16
3713.67870555864  4.280933E-16
3717.74679658813  4.289919E-16
3721.81488761762  4.408025E-16
3725.88297864711  4.442024E-16
3729.9510696766  4.206159E-16
****************  4.340915E-16
****************  4.326355E-16
3742.15534276507  4.445815E-16
3746.22343379456  4.418415E-16
3750.29152482405  4.354967E-16
3754.35961585355  4.281662E-16
3758.42770688304  4.434524E-16
3762.49579791253  4.432180E-16
3766.56388894202  4.238745E-16
****************  4.314466E-16
3774.700071001  4.387500E-16
3778.76816203049  4.382388E-16
3782.83625305998  4.415076E-16
3786.90434408947  4.296274E-16
3790.97243511896  4.310387E-16
3795.04052614845  4.090902E-16
****************  4.370039E-16
3803.17670820743  4.294390E-16
3807.24479923692  4.264103E-16
3811.31289026641  4.272150E-16
3815.3809812959  4.224987E-16
3819.44907232539  4.244598E-16
3823.51716335488  4.328064E-16
3827.58525438437  4.323613E-16
3831.65334541386  4.294707E-16
3835.72143644336  4.406379E-16
3839.78952747285  4.320189E-16
3843.85761850234  4.265180E-16
3847.92570953183  4.381025E-16
3851.99380056132  4.284974E-16
3856.06189159081  4.177732E-16
3860.1299826203  4.258624E-16
3864.19807364979  4.319289E-16
3868.26616467928  4.236058E-16
3872.33425570877  4.324944E-16
3876.40234673826  4.322421E-16
3880.47043776775  4.141688E-16
3884.53852879724  4.078547E-16
3888.60661982673  4.206569E-16
3892.67471085622  4.206548E-16
3896.74280188571  4.225065E-16
3900.8108929152  4.041436E-16
3904.87898394469  4.148911E-16
3908.94707497418  4.078338E-16
3913.01516600368  4.047587E-16
3917.08325703317  4.142389E-16
3921.15134806266  4.074180E-16
3925.21943909215  4.118571E-16
3929.28753012164  4.068090E-16
3933.35562115113  4.016751E-16
3937.42371218062  4.029549E-16
3941.49180321011  4.017846E-16
3945.5598942396  4.080450E-16
3949.62798526909  4.104738E-16
3953.69607629858  4.073867E-16
3957.76416732807  3.913228E-16
3961.83225835756  3.899819E-16
3965.90034938705  4.019218E-16
3969.96844041654  3.939833E-16
3974.03653144603  4.016438E-16
3978.10462247552  3.982628E-16
3982.17271350501  4.016030E-16
3986.2408045345  3.980503E-16
3990.308895564  3.994367E-16
3994.37698659349  4.016490E-16
3998.44507762298  3.965719E-16
4002.51316865247  3.991436E-16
4006.58125968196  3.992982E-16
4010.64935071145  4.062354E-16
4014.71744174094  4.051678E-16
4018.78553277043  4.063477E-16
4022.85362379992  3.958083E-16
4026.92171482941  3.895640E-16
4030.9898058589  3.976441E-16
4035.05789688839  3.887418E-16
4039.12598791788  3.803114E-16
4043.19407894737  3.938504E-16
****************  3.871766E-16
4051.33026100635  3.928436E-16
4055.39835203584  3.956380E-16
4059.46644306533  3.988722E-16
4063.53453409482  3.944215E-16
4067.60262512431  3.943384E-16
4071.67071615381  3.933449E-16
4075.7388071833  3.886805E-16
4079.80689821279  3.787046E-16
4083.87498924228  3.879075E-16
4087.94308027177  3.979494E-16
4092.01117130126  3.896423E-16
4096.07926233075  3.860618E-16
4100.14735336024  3.857677E-16
****************  3.872349E-16
4108.28353541922  3.869777E-16
****************  3.919326E-16
4116.4197174782  3.975140E-16
4120.48780850769  3.853884E-16
****************  3.929406E-16
****************  3.818845E-16
4132.69208159616  3.737437E-16
4136.76017262565  3.805373E-16
4140.82826365514  3.838875E-16
4144.89635468464  3.884968E-16
4148.96444571413  3.893746E-16
4153.03253674362  3.759982E-16
4157.10062777311  3.894849E-16
4161.1687188026  3.900837E-16
4165.23680983209  3.913804E-16
4169.30490086158  3.823760E-16
4173.37299189107  3.949131E-16
4177.44108292056  3.925442E-16
****************  3.758080E-16
4185.57726497954  3.731690E-16
4189.64535600903  3.863654E-16
4193.71344703852  3.888268E-16
4197.78153806801  3.879220E-16
4201.8496290975  3.790428E-16
4205.91772012699  3.767521E-16
4209.98581115648  3.827473E-16
4214.05390218597  3.772492E-16
4218.12199321546  3.734219E-16
4222.19008424496  3.767575E-16
4226.25817527445  3.787281E-16
4230.32626630394  3.735290E-16
4234.39435733343  3.740252E-16
4238.46244836292  3.708857E-16
4242.53053939241  3.702177E-16
4246.5986304219  3.714771E-16
4250.66672145139  3.731460E-16
4254.73481248088  3.767128E-16
4258.80290351037  3.661542E-16
****************  3.619666E-16
4266.93908556935  3.726161E-16
4271.00717659884  3.749889E-16
4275.07526762833  3.691950E-16
4279.14335865782  3.656980E-16
4283.21144968731  3.542049E-16
4287.2795407168  3.567722E-16
4291.34763174629  3.757361E-16
****************  3.677427E-16
4299.48381380527  3.607922E-16
4303.55190483476  3.668478E-16
4307.61999586426  3.520144E-16
4311.68808689375  3.666340E-16
4315.75617792324  3.623448E-16
4319.82426895273  3.551070E-16
4323.89235998222  3.563716E-16
4327.96045101171  3.606731E-16
4332.0285420412  3.626603E-16
****************  3.542173E-16
4340.16472410018  3.556371E-16
4344.23281512967  3.625438E-16
4348.30090615916  3.485036E-16
****************  3.505418E-16
4356.43708821814  3.428674E-16
4360.50517924763  3.417470E-16
4364.57327027712  3.543890E-16
4368.64136130661  3.505833E-16
4372.7094523361  3.423445E-16
4376.77754336559  3.494196E-16
4380.84563439509  3.460967E-16
4384.91372542458  3.408037E-16
4388.98181645407  3.352001E-16
4393.04990748356  3.375783E-16
4397.11799851305  3.383631E-16
4401.18608954254  3.404919E-16
4405.25418057203  3.328608E-16
4409.32227160152  3.325175E-16
4413.39036263101  3.294405E-16
4417.4584536605  3.282516E-16
4421.52654468999  3.372714E-16
4425.59463571948  3.345596E-16
4429.66272674897  3.333515E-16
4433.73081777846  3.326907E-16
4437.79890880795  3.300088E-16
4441.86699983744  3.221240E-16
4445.93509086693  3.291162E-16
4450.00318189642  3.254956E-16
4454.07127292591  3.295722E-16
4458.1393639554  3.280966E-16
4462.20745498489  3.275120E-16
4466.27554601439  3.270398E-16
****************  3.283381E-16
4474.41172807337  3.248075E-16
4478.47981910286  3.256421E-16
4482.54791013235  3.271469E-16
4486.61600116184  3.240126E-16
4490.68409219133  3.273140E-16
****************  3.142762E-16
4498.82027425031  3.149070E-16
4502.8883652798  3.254553E-16
4506.95645630929  3.304529E-16
4511.02454733878  3.249321E-16
4515.09263836827  3.191968E-16
4519.16072939776  3.184649E-16
****************  3.207516E-16
4527.29691145674  3.103554E-16
4531.36500248623  3.077158E-16
4535.43309351572  3.153339E-16
4539.50118454521  3.158300E-16
4543.56927557471  3.095035E-16
4547.6373666042  3.091580E-16
4551.70545763369  3.225392E-16
****************  3.209332E-16
4559.84163969267  3.115504E-16
4563.90973072216  3.113676E-16
4567.97782175165  3.130005E-16
4572.04591278114  3.122329E-16
4576.11400381063  3.073896E-16
****************  3.064259E-16
4584.25018586961  3.034820E-16
4588.3182768991  3.046650E-16
4592.38636792859  3.019624E-16
4596.45445895808  2.995742E-16
4600.52254998757  2.982918E-16
4604.59064101706  2.990505E-16
4608.65873204655  2.959036E-16
4612.72682307604  2.954818E-16
4616.79491410553  3.009027E-16
4620.86300513503  3.099438E-16
4624.93109616452  3.041481E-16
4628.99918719401  2.988113E-16
4633.0672782235  3.017482E-16
4637.13536925299  2.987926E-16
4641.20346028248  2.914655E-16
****************  2.925253E-16
4649.33964234146  2.998279E-16
4653.40773337095  3.017540E-16
4657.47582440044  3.063160E-16
4661.54391542993  2.982163E-16
4665.61200645942  3.054545E-16
4669.68009748891  3.011820E-16
4673.7481885184  3.019186E-16
4677.81627954789  2.915388E-16
****************  2.934241E-16
****************  2.989150E-16
****************  3.053523E-16
4694.08864366585  3.127860E-16
4698.15673469535  3.024370E-16
4702.22482572484  2.895890E-16
4706.29291675433  2.901074E-16
4710.36100778382  2.905433E-16
4714.42909881331  2.835368E-16
4718.4971898428  2.853863E-16
4722.56528087229  2.837876E-16
4726.63337190178  2.872121E-16
4730.70146293127  2.888476E-16
4734.76955396076  2.919443E-16
4738.83764499025  2.940535E-16
4742.90573601974  2.880398E-16
4746.97382704923  2.931566E-16
4751.04191807872  2.884218E-16
4755.11000910821  2.833342E-16
4759.1781001377  2.873467E-16
4763.24619116719  2.923957E-16
4767.31428219668  2.880674E-16
****************  2.888922E-16
4775.45046425566  2.805539E-16
4779.51855528515  2.851368E-16
4783.58664631465  2.868718E-16
4787.65473734414  2.814619E-16
4791.72282837363  2.887882E-16
4795.79091940312  2.892251E-16
4799.85901043261  2.881494E-16
4803.9271014621  2.937593E-16
4807.99519249159  2.911148E-16
4812.06328352108  2.862684E-16
4816.13137455057  2.894248E-16
4820.19946558006  2.838927E-16
4824.26755660955  2.929251E-16
4828.33564763904  2.952381E-16
4832.40373866853  2.914541E-16
****************  2.815117E-16
4840.53992072751  2.783942E-16
4844.608011757  2.785895E-16
4848.67610278649  2.732090E-16
4852.74419381599  2.797727E-16
4856.81228484548  2.719406E-16
4860.88037587497  2.833070E-16
4864.94846690446  2.880394E-16
4869.01655793395  2.807080E-16
4873.08464896344  2.733237E-16
4877.15273999293  2.634504E-16
4881.22083102242  2.688669E-16
4885.28892205191  2.701213E-16
4889.3570130814  2.681938E-16
4893.42510411089  2.712610E-16
4897.49319514038  2.810024E-16
4901.56128616987  2.796499E-16
4905.62937719936  2.747333E-16
4909.69746822885  2.797931E-16
4913.76555925834  2.738847E-16
****************  2.767039E-16
4921.90174131732  2.945284E-16
4925.96983234681  2.856575E-16
4930.03792337631  2.765772E-16
4934.10601440579  2.758579E-16
4938.17410543529  2.820932E-16
4942.24219646478  2.876503E-16
****************  2.890660E-16
4950.37837852376  2.922118E-16
4954.44646955325  2.965905E-16
4958.51456058274  2.838336E-16
4962.58265161223  2.753648E-16
4966.65074264172  2.834069E-16
****************  2.905407E-16
4974.7869247007  2.861913E-16
4978.85501573019  2.823630E-16
4982.92310675968  2.771369E-16
4986.99119778917  2.749737E-16
****************  2.720936E-16
4995.12737984815  2.717999E-16
4999.19547087764  2.743082E-16
5003.26356190713  2.677873E-16
5007.33165293662  2.708123E-16
5011.39974396611  2.779136E-16
5015.46783499561  2.698277E-16
5019.5359260251  2.696300E-16
5023.60401705459  2.695565E-16
5027.67210808408  2.716853E-16
5031.74019911357  2.739519E-16
5035.80829014306  2.725280E-16
5039.87638117255  2.632521E-16
5043.94447220204  2.591761E-16
5048.01256323153  2.670092E-16
5052.08065426102  2.578033E-16
5056.14874529051  2.678640E-16
5060.21683632  2.643043E-16
5064.28492734949  2.597012E-16
5068.35301837898  2.599706E-16
5072.42110940847  2.630962E-16
5076.48920043796  2.612634E-16
5080.55729146746  2.548398E-16
5084.62538249695  2.612168E-16
5088.69347352644  2.644651E-16
5092.76156455593  2.606455E-16
5096.82965558542  2.707252E-16
5100.89774661491  2.612215E-16
5104.9658376444  2.555166E-16
5109.03392867389  2.596455E-16
5113.10201970338  2.576318E-16
5117.17011073287  2.572688E-16
5121.23820176236  2.563825E-16
5125.30629279185  2.511009E-16
5129.37438382134  2.518099E-16
5133.44247485083  2.506385E-16
5137.51056588032  2.541308E-16
5141.57865690981  2.496734E-16
5145.6467479393  2.479862E-16
5149.71483896879  2.559919E-16
5153.78292999828  2.565827E-16
5157.85102102777  2.506505E-16
5161.91911205726  2.528189E-16
5165.98720308675  2.524573E-16
5170.05529411625  2.507684E-16
5174.12338514574  2.602354E-16
5178.19147617523  2.546139E-16
5182.25956720472  2.446986E-16
5186.32765823421  2.384277E-16
5190.3957492637  2.433403E-16
5194.46384029319  2.508915E-16
5198.53193132268  2.480645E-16
5202.60002235217  2.401847E-16
5206.66811338166  2.439392E-16
5210.73620441115  2.495001E-16
5214.80429544064  2.473422E-16
5218.87238647013  2.466763E-16
5222.94047749962  2.441072E-16
5227.00856852911  2.451470E-16
5231.0766595586  2.464421E-16
5235.14475058809  2.402159E-16
5239.21284161759  2.434490E-16
5243.28093264707  2.468220E-16
5247.34902367656  2.402176E-16
5251.41711470606  2.401227E-16
5255.48520573555  2.360049E-16
5259.55329676504  2.343907E-16
5263.62138779453  2.476505E-16
5267.68947882402  2.404749E-16
5271.75756985351  2.282228E-16
5275.825660883  2.313246E-16
5279.89375191249  2.262222E-16
5283.96184294198  2.263024E-16
5288.02993397147  2.335890E-16
5292.09802500096  2.259523E-16
5296.16611603045  2.185851E-16
5300.23420705994  2.321488E-16
5304.30229808943  2.260872E-16
5308.37038911892  2.283655E-16
5312.43848014841  2.318109E-16
5316.5065711779  2.388275E-16
5320.57466220739  2.333117E-16
5324.64275323689  2.295171E-16
5328.71084426638  2.353343E-16
5332.77893529587  2.352469E-16
5336.84702632536  2.345577E-16
5340.91511735485  2.320873E-16
5344.98320838434  2.305497E-16
5349.05129941383  2.346136E-16
5353.11939044332  2.251953E-16
5357.18748147281  2.264747E-16
5361.2555725023  2.388950E-16
5365.32366353179  2.378017E-16
5369.39175456128  2.334654E-16
5373.45984559077  2.342057E-16
5377.52793662026  2.363313E-16
5381.59602764975  2.345763E-16
5385.66411867924  2.283493E-16
5389.73220970873  2.273350E-16
5393.80030073822  2.228715E-16
5397.86839176771  2.238841E-16
5401.9364827972  2.328516E-16
5406.00457382669  2.288225E-16
5410.07266485619  2.166870E-16
5414.14075588568  2.227964E-16
5418.20884691517  2.298609E-16
5422.27693794466  2.297064E-16
5426.34502897415  2.299742E-16
5430.41312000364  2.349585E-16
5434.48121103313  2.255961E-16
5438.54930206262  2.301597E-16
5442.61739309211  2.351299E-16
5446.6854841216  2.365743E-16
5450.75357515109  2.403766E-16
5454.82166618058  2.286745E-16
5458.88975721007  2.248067E-16
5462.95784823956  2.250488E-16
5467.02593926905  2.252258E-16
5471.09403029854  2.346512E-16
5475.16212132804  2.355879E-16
5479.23021235753  2.356432E-16
5483.29830338701  2.308153E-16
5487.36639441651  2.253313E-16
5491.434485446  2.339387E-16
5495.50257647549  2.307805E-16
5499.57066750498  2.241862E-16
5503.63875853447  2.298820E-16
5507.70684956396  2.319409E-16
5511.77494059345  2.310519E-16
5515.84303162294  2.377986E-16
5519.91112265243  2.381885E-16
5523.97921368192  2.436999E-16
5528.04730471141  2.305684E-16
5532.1153957409  2.266647E-16
5536.18348677039  2.375191E-16
5540.25157779988  2.366969E-16
5544.31966882937  2.295864E-16
5548.38775985886  2.299203E-16
5552.45585088835  2.317345E-16
5556.52394191784  2.264652E-16
5560.59203294733  2.332306E-16
5564.66012397683  2.445613E-16
5568.72821500632  2.474123E-16
5572.79630603581  2.496293E-16
5576.8643970653  2.441453E-16
5580.93248809479  2.458469E-16
5585.00057912428  2.272460E-16
5589.06867015377  2.234870E-16
5593.13676118326  2.290159E-16
5597.20485221275  2.332415E-16
5601.27294324224  2.377088E-16
5605.34103427173  2.302174E-16
5609.40912530122  2.240415E-16
5613.47721633071  2.291197E-16
5617.5453073602  2.293696E-16
5621.61339838969  2.264662E-16
5625.68148941918  2.295315E-16
5629.74958044867  2.343074E-16
5633.81767147816  2.326444E-16
5637.88576250766  2.292310E-16
5641.95385353715  2.261952E-16
5646.02194456664  2.218728E-16
5650.09003559613  2.204189E-16
5654.15812662562  2.202909E-16
5658.22621765511  2.167929E-16
5662.2943086846  2.247584E-16
5666.36239971409  2.109240E-16
5670.43049074358  2.126972E-16
5674.49858177307  2.240986E-16
5678.56667280256  2.316808E-16
5682.63476383205  2.259840E-16
5686.70285486154  2.260180E-16
5690.77094589103  2.260302E-16
5694.83903692052  2.259857E-16
5698.90712795001  2.266684E-16
5702.9752189795  2.241045E-16
5707.04331000899  2.186893E-16
5711.11140103849  2.102285E-16
5715.17949206798  2.163357E-16
5719.24758309747  2.109316E-16
5723.31567412695  2.157202E-16
5727.38376515644  2.176855E-16
5731.45185618594  2.072313E-16
5735.51994721543  2.069159E-16
5739.58803824492  2.098514E-16
5743.65612927441  2.078186E-16
5747.7242203039  2.032611E-16
5751.79231133339  2.044673E-16
5755.86040236288  2.039437E-16
5759.92849339237  2.039381E-16
5763.99658442186  2.060121E-16
5768.06467545135  2.078085E-16
5772.13276648084  2.093800E-16
5776.20085751033  2.107897E-16
5780.26894853982  2.036834E-16
5784.33703956931  2.023274E-16
5788.4051305988  1.985411E-16
5792.47322162829  2.026142E-16
5796.54131265779  1.992939E-16
5800.60940368727  1.980587E-16
5804.67749471677  1.985353E-16
5808.74558574626  2.018177E-16
5812.81367677575  2.000379E-16
5816.88176780524  2.077661E-16
5820.94985883473  2.046799E-16
5825.01794986422  1.943924E-16
5829.08604089371  1.912640E-16
5833.1541319232  1.967182E-16
5837.22222295269  2.043995E-16
5841.29031398218  2.093234E-16
5845.35840501167  2.102183E-16
5849.42649604116  2.122167E-16
5853.49458707065  2.070153E-16
5857.56267810014  1.999152E-16
5861.63076912963  2.009411E-16
5865.69886015912  1.950642E-16
5869.76695118861  1.986017E-16
5873.8350422181  2.045237E-16
5877.9031332476  2.050416E-16
5881.97122427709  1.976910E-16
5886.03931530658  1.903784E-16
5890.10740633607  1.958918E-16
5894.17549736556  2.003309E-16
5898.24358839505  1.978968E-16
5902.31167942454  1.985569E-16
5906.37977045403  1.968390E-16
5910.44786148352  1.946843E-16
5914.51595251301  1.960608E-16
5918.5840435425  1.941224E-16
5922.65213457199  1.975658E-16
5926.72022560148  2.082625E-16
5930.78831663097  2.094517E-16
5934.85640766046  2.054877E-16
5938.92449868995  1.955740E-16
5942.99258971944  1.889058E-16
5947.06068074893  1.989712E-16
5951.12877177843  1.988399E-16
5955.19686280792  1.876089E-16
5959.26495383741  1.921741E-16
5963.33304486689  1.962984E-16
5967.40113589639  1.855398E-16
5971.46922692588  1.950306E-16
5975.53731795537  2.044134E-16
5979.60540898486  2.023613E-16
5983.67350001435  1.941802E-16
5987.74159104384  1.938180E-16
5991.80968207333  1.865340E-16
5995.87777310282  1.868860E-16
5999.94586413231  1.848614E-16
6004.0139551618  1.887476E-16
6008.08204619129  1.888172E-16
6012.15013722078  1.847842E-16
6016.21822825027  1.844884E-16
6020.28631927976  1.872090E-16
6024.35441030925  1.891846E-16
6028.42250133874  1.906030E-16
6032.49059236824  1.917668E-16
6036.55868339773  1.923219E-16
6040.62677442722  1.898003E-16
6044.69486545671  1.883778E-16
6048.7629564862  1.851614E-16
6052.83104751569  1.872315E-16
6056.89913854518  1.894332E-16
6060.96722957467  1.834300E-16
6065.03532060416  1.889751E-16
6069.10341163365  1.914375E-16
6073.17150266314  1.884568E-16
6077.23959369263  1.868057E-16
6081.30768472212  1.870310E-16
6085.37577575161  1.885553E-16
6089.4438667811  1.909494E-16
6093.51195781059  1.896924E-16
6097.58004884008  1.903916E-16
6101.64813986957  1.860323E-16
6105.71623089906  1.898154E-16
6109.78432192855  1.938441E-16
6113.85241295804  1.872973E-16
6117.92050398754  1.864207E-16
6121.98859501703  1.865891E-16
6126.05668604652  1.875450E-16
6130.12477707601  1.864749E-16
6134.1928681055  1.838219E-16
6138.26095913499  1.846928E-16
6142.32905016448  1.831001E-16
6146.39714119397  1.849495E-16
6150.46523222346  1.874065E-16
6154.53332325295  1.850122E-16
6158.60141428244  1.861015E-16
6162.66950531193  1.838857E-16
6166.73759634142  1.787885E-16
6170.80568737091  1.805515E-16
6174.8737784004  1.818583E-16
6178.94186942989  1.793901E-16
6183.00996045938  1.818008E-16
6187.07805148887  1.797088E-16
6191.14614251837  1.774848E-16
6195.21423354786  1.787281E-16
6199.28232457735  1.807245E-16
6203.35041560684  1.821059E-16
6207.41850663633  1.800863E-16
6211.48659766582  1.785534E-16
6215.55468869531  1.785784E-16
6219.6227797248  1.777092E-16
6223.69087075429  1.820573E-16
6227.75896178378  1.806476E-16
6231.82705281327  1.797398E-16
6235.89514384276  1.824578E-16
6239.96323487225  1.794405E-16
6244.03132590174  1.753335E-16
6248.09941693123  1.711031E-16
6252.16750796072  1.696205E-16
6256.23559899021  1.705381E-16
6260.3036900197  1.713290E-16
6264.37178104919  1.755057E-16
6268.43987207868  1.762683E-16
6272.50796310818  1.693420E-16
6276.57605413767  1.724562E-16
6280.64414516716  1.717093E-16
6284.71223619665  1.698668E-16
6288.78032722614  1.754227E-16
6292.84841825563  1.796969E-16
6296.91650928512  1.786372E-16
6300.98460031461  1.789239E-16
6305.0526913441  1.769814E-16
6309.12078237359  1.750371E-16
6313.18887340308  1.725581E-16
6317.25696443257  1.671415E-16
6321.32505546206  1.658224E-16
6325.39314649155  1.711382E-16
6329.46123752104  1.726681E-16
6333.52932855053  1.738477E-16
6337.59741958002  1.708461E-16
6341.66551060951  1.730156E-16
6345.733601639  1.725923E-16
6349.80169266849  1.710364E-16
6353.86978369799  1.727806E-16
6357.93787472747  1.699207E-16
6362.00596575697  1.650698E-16
6366.07405678646  1.646660E-16
6370.14214781595  1.621251E-16
6374.21023884544  1.592403E-16
6378.27832987493  1.615459E-16
6382.34642090442  1.651564E-16
6386.41451193391  1.625775E-16
6390.4826029634  1.597007E-16
6394.55069399289  1.650656E-16
6398.61878502238  1.696035E-16
6402.68687605187  1.710424E-16
6406.75496708136  1.737676E-16
6410.82305811085  1.745445E-16
6414.89114914034  1.724470E-16
6418.95924016983  1.681988E-16
6423.02733119933  1.690509E-16
6427.09542222882  1.751533E-16
6431.16351325831  1.749764E-16
6435.2316042878  1.721355E-16
6439.29969531729  1.739969E-16
6443.36778634678  1.721472E-16
6447.43587737627  1.699721E-16
6451.50396840576  1.756073E-16
6455.57205943525  1.770823E-16
6459.64015046474  1.721036E-16
6463.70824149423  1.710671E-16
6467.77633252372  1.737244E-16
6471.84442355321  1.772290E-16
6475.9125145827  1.741843E-16
6479.98060561219  1.679688E-16
6484.04869664168  1.666099E-16
6488.11678767117  1.647927E-16
6492.18487870066  1.641258E-16
6496.25296973015  1.687189E-16
6500.32106075964  1.711090E-16
6504.38915178913  1.759323E-16
6508.45724281863  1.760382E-16
6512.52533384812  1.701181E-16
6516.59342487761  1.690810E-16
6520.6615159071  1.700000E-16
6524.72960693659  1.717988E-16
6528.79769796608  1.740441E-16
6532.86578899557  1.739560E-16
6536.93388002506  1.753387E-16
6541.00197105455  1.760434E-16
6545.07006208404  1.716024E-16
6549.13815311353  1.741343E-16
6553.20624414302  1.781852E-16
6557.27433517251  1.741903E-16
6561.342426202  1.745599E-16
6565.41051723149  1.750985E-16
6569.47860826098  1.708332E-16
6573.54669929047  1.698824E-16
6577.61479031996  1.715626E-16
6581.68288134945  1.758184E-16
6585.75097237894  1.784922E-16
6589.81906340843  1.742834E-16
6593.88715443793  1.718924E-16
6597.95524546742  1.753589E-16
6602.02333649691  1.738465E-16
6606.0914275264  1.695112E-16
6610.15951855589  1.745556E-16
6614.22760958538  1.763756E-16
6618.29570061487  1.756329E-16
6622.36379164436  1.726023E-16
6626.43188267385  1.763220E-16
6630.49997370334  1.774308E-16
6634.56806473283  1.732007E-16
6638.63615576232  1.717993E-16
6642.70424679181  1.684231E-16
6646.7723378213  1.695133E-16
6650.84042885079  1.747016E-16
6654.90851988028  1.715023E-16
6658.97661090977  1.658008E-16
6663.04470193926  1.712753E-16
6667.11279296876  1.742333E-16
6671.18088399825  1.705799E-16
6675.24897502774  1.695704E-16
6679.31706605723  1.701408E-16
6683.38515708672  1.711745E-16
6687.45324811621  1.711285E-16
6691.5213391457  1.701000E-16
6695.58943017519  1.707885E-16
6699.65752120468  1.722087E-16
6703.72561223417  1.688554E-16
6707.79370326366  1.665771E-16
6711.86179429315  1.709950E-16
6715.92988532264  1.764159E-16
6719.99797635213  1.723263E-16
6724.06606738162  1.702966E-16
6728.13415841111  1.702413E-16
6732.2022494406  1.679790E-16
6736.27034047009  1.659438E-16
6740.33843149958  1.674937E-16
6744.40652252907  1.682741E-16
6748.47461355857  1.660584E-16
6752.54270458806  1.615482E-16
6756.61079561755  1.623229E-16
6760.67888664704  1.666778E-16
6764.74697767653  1.628933E-16
6768.81506870602  1.617966E-16
6772.88315973551  1.645115E-16
6776.951250765  1.603935E-16
6781.01934179449  1.613866E-16
6785.08743282398  1.639600E-16
6789.15552385347  1.603118E-16
6793.22361488296  1.607115E-16
6797.29170591245  1.655236E-16
6801.35979694194  1.656391E-16
6805.42788797143  1.635917E-16
6809.49597900092  1.583964E-16
6813.56407003041  1.606999E-16
6817.6321610599  1.630171E-16
6821.70025208939  1.591390E-16
6825.76834311889  1.592414E-16
6829.83643414838  1.598128E-16
6833.90452517787  1.566052E-16
6837.97261620736  1.598305E-16
6842.04070723685  1.593389E-16
6846.10879826634  1.556835E-16
6850.17688929583  1.575146E-16
6854.24498032532  1.576613E-16
6858.31307135481  1.592294E-16
6862.3811623843  1.594275E-16
6866.44925341379  1.488957E-16
6870.51734444328  1.440875E-16
6874.58543547277  1.453556E-16
6878.65352650226  1.532479E-16
6882.72161753175  1.549265E-16
6886.78970856124  1.562566E-16
6890.85779959073  1.573363E-16
6894.92589062022  1.550374E-16
6898.99398164971  1.519511E-16
6903.0620726792  1.509317E-16
6907.1301637087  1.542092E-16
6911.19825473819  1.583458E-16
6915.26634576768  1.526818E-16
6919.33443679717  1.494973E-16
6923.40252782666  1.553489E-16
6927.47061885615  1.538973E-16
6931.53870988564  1.551267E-16
6935.60680091513  1.526079E-16
6939.67489194462  1.551293E-16
6943.74298297411  1.509800E-16
6947.8110740036  1.501108E-16
6951.87916503309  1.549076E-16
6955.94725606258  1.535097E-16
6960.01534709207  1.534117E-16
6964.08343812156  1.535362E-16
6968.15152915105  1.491014E-16
6972.21962018054  1.528983E-16
6976.28771121003  1.542434E-16
6980.35580223953  1.501075E-16
6984.42389326902  1.471985E-16
6988.49198429851  1.456712E-16
6992.560075328  1.436006E-16
6996.62816635749  1.479004E-16
7000.69625738698  1.515962E-16
7004.76434841647  1.501675E-16
7008.83243944596  1.454923E-16
7012.90053047545  1.476827E-16
7016.96862150494  1.532010E-16
7021.03671253443  1.507850E-16
7025.10480356392  1.470219E-16
7029.17289459341  1.474400E-16
7033.2409856229  1.453058E-16
7037.30907665239  1.496582E-16
7041.37716768188  1.490819E-16
7045.44525871137  1.506835E-16
7049.51334974086  1.503247E-16
7053.58144077035  1.477992E-16
7057.64953179984  1.426923E-16
7061.71762282933  1.443338E-16
7065.78571385882  1.472704E-16
7069.85380488832  1.482691E-16
7073.92189591781  1.510577E-16
7077.9899869473  1.451589E-16
7082.05807797679  1.450477E-16
7086.12616900628  1.470469E-16
7090.19426003577  1.474956E-16
7094.26235106526  1.464611E-16
7098.33044209475  1.479365E-16
7102.39853312424  1.493823E-16
7106.46662415373  1.521403E-16
7110.53471518322  1.478096E-16
7114.60280621271  1.478909E-16
7118.6708972422  1.447034E-16
7122.73898827169  1.413473E-16
7126.80707930118  1.432671E-16
7130.87517033067  1.449110E-16
7134.94326136016  1.505607E-16
7139.01135238966  1.468052E-16
7143.07944341915  1.420634E-16
7147.14753444864  1.466211E-16
7151.21562547813  1.449644E-16
7155.28371650762  1.446442E-16
7159.35180753711  1.455229E-16
7163.4198985666  1.436695E-16
7167.48798959609  1.431509E-16
7171.55608062558  1.437931E-16
7175.62417165507  1.417960E-16
7179.69226268456  1.436453E-16
7183.76035371405  1.435911E-16
7187.82844474354  1.377463E-16
7191.89653577303  1.382692E-16
7195.96462680252  1.395690E-16
7200.03271783201  1.371009E-16
7204.1008088615  1.392304E-16
7208.16889989099  1.427109E-16
7212.23699092048  1.464077E-16
7216.30508194997  1.452298E-16
7220.37317297947  1.423560E-16
7224.44126400896  1.387084E-16
7228.50935503845  1.384052E-16
7232.57744606794  1.414960E-16
7236.64553709743  1.444586E-16
7240.71362812692  1.417847E-16
7244.78171915641  1.328187E-16
7248.8498101859  1.295605E-16
7252.91790121539  1.286537E-16
7256.98599224488  1.309844E-16
7261.05408327437  1.295516E-16
7265.12217430386  1.317536E-16
7269.19026533335  1.375203E-16
7273.25835636284  1.433273E-16
7277.32644739233  1.412711E-16
7281.39453842182  1.368687E-16
7285.46262945131  1.337400E-16
7289.5307204808  1.312560E-16
7293.5988115103  1.380162E-16
7297.66690253978  1.439945E-16
7301.73499356927  1.341696E-16
7305.80308459876  1.313982E-16
7309.87117562826  1.378661E-16
7313.93926665775  1.417501E-16
7318.00735768724  1.449677E-16
7322.07544871673  1.313979E-16
7326.14353974622  1.368414E-16
7330.21163077571  1.481920E-16
7334.2797218052  1.463561E-16
7338.34781283469  1.390127E-16
7342.41590386418  1.330009E-16
7346.48399489367  1.376498E-16
7350.55208592316  1.390815E-16
7354.62017695265  1.336346E-16
7358.68826798214  1.377220E-16
7362.75635901163  1.364115E-16
7366.82445004113  1.384765E-16
7370.89254107062  1.378411E-16
7374.9606321001  1.341554E-16
7379.0287231296  1.374264E-16
7383.09681415909  1.428399E-16
7387.16490518858  1.441589E-16
7391.23299621807  1.383089E-16
7395.30108724756  1.318346E-16
7399.36917827705  1.389093E-16
7403.43726930654  1.407015E-16
7407.50536033603  1.303969E-16
7411.57345136552  1.304016E-16
7415.64154239501  1.356928E-16
7419.7096334245  1.417111E-16
7423.77772445399  1.468819E-16
7427.84581548348  1.395686E-16
7431.91390651297  1.338492E-16
7435.98199754246  1.357922E-16
7440.05008857195  1.325797E-16
7444.11817960144  1.369961E-16
7448.18627063093  1.434268E-16
7452.25436166042  1.382580E-16
7456.32245268991  1.344611E-16
7460.3905437194  1.401172E-16
7464.4586347489  1.378630E-16
7468.52672577839  1.449751E-16
7472.59481680788  1.460527E-16
7476.66290783737  1.480134E-16
7480.73099886686  1.421607E-16
7484.79908989635  1.365527E-16
7488.86718092584  1.365252E-16
7492.93527195533  1.376600E-16
7497.00336298482  1.422503E-16
7501.07145401431  1.451957E-16
7505.1395450438  1.416269E-16
7509.20763607329  1.331862E-16
7513.27572710278  1.257628E-16
7517.34381813227  1.248863E-16
7521.41190916176  1.259312E-16
7525.48000019125  1.255039E-16
7529.54809122074  1.266768E-16
7533.61618225024  1.321971E-16
7537.68427327973  1.370082E-16
7541.75236430922  1.395038E-16
7545.8204553387  1.385614E-16
7549.8885463682  1.343404E-16
7553.95663739769  1.350531E-16
7558.02472842718  1.320992E-16
7562.09281945667  1.306680E-16
7566.16091048616  1.321797E-16
7570.22900151565  1.320287E-16
7574.29709254514  1.365136E-16
7578.36518357463  1.360234E-16
7582.43327460412  1.333829E-16
7586.50136563361  1.306712E-16
7590.5694566631  1.233340E-16
7594.63754769259  1.153344E-16
7598.70563872208  1.075059E-16
7602.77372975157  1.120981E-16
7606.84182078107  1.270803E-16
7610.90991181056  1.420113E-16
7614.97800284005  1.470410E-16
7619.04609386954  1.361304E-16
7623.11418489903  1.273786E-16
7627.18227592852  1.192499E-16
7631.25036695801  1.139669E-16
7635.3184579875  1.158973E-16
7639.38654901699  1.244423E-16
7643.45464004648  1.316228E-16
7647.52273107597  1.360676E-16
7651.59082210546  1.358526E-16
7655.65891313495  1.313373E-16
7659.72700416444  1.299398E-16
7663.79509519393  1.292933E-16
7667.86318622342  1.282862E-16
7671.93127725291  1.279150E-16
7675.9993682824  1.285313E-16
7680.06745931189  1.340133E-16
7684.13555034138  1.401527E-16
7688.20364137087  1.381247E-16
7692.27173240036  1.298527E-16
7696.33982342986  1.205692E-16
7700.40791445935  1.071419E-16
7704.47600548884  9.861254E-17
7708.54409651833  1.020873E-16
7712.61218754782  1.183309E-16
7716.68027857731  1.287013E-16
7720.7483696068  1.300529E-16
7724.81646063629  1.378881E-16
7728.88455166578  1.394908E-16
7732.95264269527  1.242064E-16
7737.02073372476  1.047154E-16
7741.08882475425  1.062077E-16
7745.15691578374  1.227786E-16
7749.22500681323  1.388078E-16
7753.29309784272  1.404266E-16
7757.36118887221  1.367002E-16
7761.4292799017  1.371101E-16
7765.4973709312  1.334331E-16
7769.56546196069  1.237223E-16
7773.63355299018  1.165858E-16
7777.70164401967  1.279177E-16
7781.76973504916  1.507331E-16
7785.83782607865  1.583122E-16
7789.90591710814  1.533155E-16
7793.97400813763  1.437343E-16
7798.04209916712  1.324489E-16
7802.11019019661  1.264033E-16
7806.1782812261  1.191556E-16
7810.24637225559  1.216519E-16
7814.31446328508  1.353790E-16
7818.38255431457  1.432145E-16
7822.45064534406  1.404614E-16
7826.51873637355  1.379679E-16
7830.58682740304  1.278712E-16
7834.65491843253  1.155358E-16
7838.72300946202  1.079998E-16
7842.79110049151  1.176175E-16
7846.859191521  1.351815E-16
7850.9272825505  1.498042E-16
7854.99537357999  1.585129E-16
7859.06346460948  1.575739E-16
7863.13155563897  1.406033E-16
7867.19964666846  1.218007E-16
7871.26773769795  1.119594E-16
7875.33582872744  1.190970E-16
7879.40391975693  1.397356E-16
7883.47201078642  1.487824E-16
7887.54010181591  1.451036E-16
7891.6081928454  1.423156E-16
7895.67628387489  1.289945E-16
7899.74437490438  1.078473E-16
7903.81246593387  1.125555E-16
7907.88055696336  1.467647E-16
7911.94864799285  1.670684E-16
7916.01673902234  1.579561E-16
7920.08483005183  1.473969E-16
7924.15292108132  1.363653E-16
7928.22101211081  1.276095E-16
7932.2891031403  1.282662E-16
7936.3571941698  1.391503E-16
7940.42528519929  1.496786E-16
7944.49337622878  1.497725E-16
7948.56146725827  1.289946E-16
7952.62955828776  1.117375E-16
7956.69764931725  1.123611E-16
7960.76574034674  1.233626E-16
7964.83383137623  1.358246E-16
7968.90192240572  1.413843E-16
7972.97001343521  1.393667E-16
7977.0381044647  1.363072E-16
7981.10619549419  1.387988E-16
7985.17428652368  1.396816E-16
7989.24237755317  1.328069E-16
7993.31046858266  1.308582E-16
7997.37855961215  1.282164E-16
8001.44665064164  1.259044E-16
8005.51474167113  1.291462E-16
8009.58283270063  1.369954E-16
8013.65092373012  1.422380E-16
8017.71901475961  1.387606E-16
8021.7871057891  1.343983E-16
8025.85519681859  1.294240E-16
8029.92328784808  1.287168E-16
8033.99137887757  1.364637E-16
8038.05946990706  1.353974E-16
8042.12756093655  1.300117E-16
8046.19565196604  1.314484E-16
8050.26374299553  1.407283E-16
8054.33183402502  1.407382E-16
8058.39992505451  1.309652E-16
8062.468016084  1.274001E-16
8066.53610711349  1.274557E-16
8070.60419814298  1.324065E-16
8074.67228917247  1.317951E-16
8078.74038020196  1.267138E-16
8082.80847123145  1.320700E-16
8086.87656226094  1.365251E-16
8090.94465329044  1.434584E-16
8095.01274431993  1.409147E-16
8099.08083534942  1.385825E-16
8103.14892637891  1.368114E-16
8107.2170174084  1.377668E-16
8111.28510843789  1.387704E-16
8115.35319946738  1.330890E-16
8119.42129049687  1.240307E-16
8123.48938152636  1.179880E-16
8127.55747255585  1.186921E-16
8131.62556358534  1.213924E-16
8135.69365461483  1.254292E-16
8139.76174564432  1.290254E-16
8143.82983667381  1.294071E-16
8147.8979277033  1.276203E-16
8151.9660187328  1.188097E-16
8156.03410976228  1.139394E-16
8160.10220079177  1.159891E-16
8164.17029182126  1.140988E-16
8168.23838285076  1.137884E-16
8172.30647388025  1.200026E-16
8176.37456490974  1.248551E-16
8180.44265593923  1.264612E-16
8184.51074696872  1.245331E-16
8188.57883799821  1.217721E-16
8192.6469290277  1.176595E-16
8196.71502005719  1.177270E-16
8200.78311108668  1.161985E-16
8204.85120211617  1.158699E-16
8208.91929314566  1.188726E-16
8212.98738417515  1.227756E-16
8217.05547520464  1.233685E-16
8221.12356623413  1.217810E-16
8225.19165726362  1.190238E-16
8229.25974829311  1.179973E-16
8233.3278393226  1.182817E-16
8237.39593035209  1.157902E-16
8241.46402138158  1.114034E-16
8245.53211241107  1.109866E-16
8249.60020344057  1.154004E-16
8253.66829447006  1.194306E-16
8257.73638549955  1.213904E-16
8261.80447652904  1.264544E-16
8265.87256755853  1.266497E-16
8269.94065858802  1.162390E-16
8274.00874961751  1.112537E-16
8278.076840647  1.107208E-16
8282.14493167649  1.084916E-16
8286.21302270598  1.049078E-16
8290.28111373547  1.086656E-16
8294.34920476496  1.205914E-16
8298.41729579445  1.148803E-16
8302.48538682394  1.141543E-16
8306.55347785343  1.256571E-16
8310.62156888292  1.225657E-16
8314.68965991241  1.142381E-16
8318.7577509419  1.149182E-16
8322.8258419714  1.178999E-16
8326.89393300089  1.155112E-16
8330.96202403038  1.126681E-16
8335.03011505987  1.092341E-16
8339.09820608936  1.016639E-16
8343.16629711885  1.024373E-16
8347.23438814834  1.067280E-16
8351.30247917783  1.144331E-16
8355.37057020732  1.205572E-16
8359.43866123681  1.237159E-16
8363.5067522663  1.172562E-16
8367.57484329579  1.116313E-16
8371.64293432528  1.091789E-16
8375.71102535477  1.041334E-16
8379.77911638426  1.023422E-16
8383.84720741375  1.031922E-16
8387.91529844324  1.105045E-16
8391.98338947273  1.182561E-16
8396.05148050222  1.199541E-16
8400.11957153171  1.208438E-16
8404.1876625612  1.206109E-16
8408.25575359069  1.195881E-16
8412.32384462019  1.163692E-16
8416.39193564968  1.138767E-16
8420.46002667917  1.076784E-16
8424.52811770866  1.071935E-16
8428.59620873815  1.156532E-16
8432.66429976764  1.140463E-16
8436.73239079713  1.138372E-16
8440.80048182662  1.179378E-16
8444.86857285611  1.186604E-16
8448.9366638856  1.178868E-16
8453.00475491509  1.139656E-16
8457.07284594458  1.037350E-16
8461.14093697407  1.036762E-16
8465.20902800356  1.098578E-16
8469.27711903305  1.073448E-16
8473.34521006254  1.066454E-16
8477.41330109203  1.108670E-16
8481.48139212153  1.121189E-16
8485.54948315102  1.129350E-16
8489.61757418051  1.158679E-16
8493.68566521  1.172751E-16
8497.75375623949  1.122525E-16
8501.82184726898  1.128338E-16
8505.88993829847  1.235075E-16
8509.95802932796  1.216088E-16
8514.02612035745  1.081529E-16
8518.09421138694  1.035499E-16
8522.16230241643  1.119323E-16
8526.23039344592  1.174934E-16
8530.29848447541  1.164442E-16
8534.3665755049  1.183291E-16
8538.43466653439  1.275885E-16
8542.50275756388  1.216111E-16
8546.57084859337  1.192963E-16
8550.63893962286  1.117983E-16
8554.70703065236  1.066040E-16
8558.77512168184  1.015579E-16
8562.84321271134  9.960310E-17
8566.91130374083  1.060393E-16
8570.97939477032  1.159434E-16
8575.04748579981  1.222905E-16
8579.1155768293  1.267112E-16
8583.18366785879  1.235846E-16
8587.25175888828  1.199596E-16
8591.31984991777  1.152813E-16
8595.38794094726  1.091085E-16
8599.45603197675  1.029181E-16
8603.52412300624  1.002023E-16
8607.59221403573  1.075101E-16
8611.66030506522  1.156578E-16
8615.72839609471  1.250129E-16
8619.7964871242  1.332550E-16
8623.86457815369  1.280543E-16
8627.93266918318  1.206329E-16
8632.00076021267  1.153061E-16
8636.06885124216  1.064707E-16
8640.13694227165  9.559205E-17
8644.20503330114  9.035080E-17
8648.27312433063  9.663918E-17
8652.34121536013  1.058226E-16
8656.40930638962  1.163969E-16
8660.47739741911  1.285066E-16
8664.5454884486  1.318905E-16
8668.61357947809  1.268724E-16
8672.68167050758  1.235659E-16
8676.74976153707  1.168756E-16
8680.81785256656  1.138384E-16
8684.88594359605  9.932841E-17
8688.95403462554  9.188670E-17
8693.02212565503  9.937351E-17
8697.09021668452  1.106679E-16
8701.15830771401  1.127480E-16
8705.2263987435  1.218271E-16
8709.294489773  1.210545E-16
8713.36258080249  1.117657E-16
8717.43067183197  1.082399E-16
8721.49876286147  9.724331E-17
8725.56685389096  8.960891E-17
8729.63494492045  9.522349E-17
8733.70303594994  1.024326E-16
8737.77112697943  1.066459E-16
8741.83921800892  1.197857E-16
8745.90730903841  1.377157E-16
8749.9754000679  1.337447E-16
8754.04349109739  1.155985E-16
8758.11158212688  8.968449E-17
8762.17967315637  5.805248E-17
8766.24776418586  4.825277E-17
8770.31585521535  5.699317E-17
8774.38394624484  7.469532E-17
8778.45203727433  8.775545E-17
8782.52012830382  9.581359E-17
8786.58821933331  1.066886E-16
8790.6563103628  1.119224E-16
8794.72440139229  1.124607E-16
8798.79249242178  1.079115E-16
8802.86058345127  1.007131E-16
8806.92867448077  8.855624E-17
8810.99676551026  6.402496E-17
8815.06485653975  4.684112E-17
8819.13294756924  5.820662E-17
8823.20103859873  9.438646E-17
8827.26912962822  1.221102E-16
8831.33722065771  1.250925E-16
8835.4053116872  1.116896E-16
8839.47340271669  1.086341E-16
8843.54149374618  1.116419E-16
8847.60958477567  1.014458E-16
8851.67767580516  8.363089E-17
8855.74576683465  7.108835E-17
8859.81385786414  7.200973E-17
8863.88194889363  7.811112E-17
8867.95003992312  9.647586E-17
8872.01813095262  1.432444E-16
8876.0862219821  1.689428E-16
8880.1543130116  1.579878E-16
8884.22240404109  1.535262E-16
8888.29049507057  1.325668E-16
8892.35858610007  1.072398E-16
8896.42667712956  9.319160E-17
8900.49476815905  8.085154E-17
8904.56285918854  6.153549E-17
8908.63095021803  4.824138E-17
8912.69904124752  5.153639E-17
8916.76713227701  5.649877E-17
8920.8352233065  7.554472E-17
8924.90331433599  1.001299E-16
8928.97140536548  1.215739E-16
8933.03949639497  1.319807E-16
8937.10758742446  1.249046E-16
8941.17567845395  1.200739E-16
8945.24376948344  1.106592E-16
8949.31186051293  1.006485E-16
8953.37995154243  9.545001E-17
8957.44804257192  8.829061E-17
8961.51613360141  9.680747E-17
8965.5842246309  1.088880E-16
8969.65231566039  1.041468E-16
8973.72040668988  1.001462E-16
8977.78849771937  1.043353E-16
8981.85658874886  1.131691E-16
8985.92467977835  1.323739E-16
8989.99277080784  1.481765E-16
8994.06086183733  1.408565E-16
8998.12895286682  1.304382E-16
9002.19704389631  1.310098E-16
9006.2651349258  1.186516E-16
9010.33322595529  1.011716E-16
9014.40131698478  8.767745E-17
9018.46940801427  8.676923E-17
9022.53749904376  8.559768E-17
9026.60559007325  8.952075E-17
9030.67368110274  1.014167E-16
9034.74177213223  1.187059E-16
9038.80986316173  1.292392E-16
9042.87795419122  1.269189E-16
9046.94604522071  1.250912E-16
9051.0141362502  1.188124E-16
9055.08222727969  1.045372E-16
9059.15031830918  9.707954E-17
9063.21840933867  9.534174E-17
9067.28650036816  9.574100E-17
9071.35459139765  9.283488E-17
9075.42268242714  8.803143E-17
9079.49077345663  9.094230E-17
9083.55886448612  9.914353E-17
9087.62695551561  1.099194E-16
9091.6950465451  1.147518E-16
9095.76313757459  1.117945E-16
9099.83122860408  1.129591E-16
9103.89931963357  1.124225E-16
9107.96741066307  1.043194E-16
9112.03550169256  1.002268E-16
9116.10359272204  9.881904E-17
9120.17168375154  9.179184E-17
9124.23977478103  8.545606E-17
9128.30786581052  8.610728E-17
9132.37595684001  9.794051E-17
9136.4440478695  1.036822E-16
9140.51213889899  1.092331E-16
9144.58022992848  1.128194E-16
9148.64832095797  1.073754E-16
9152.71641198746  1.096837E-16
9156.78450301695  1.121114E-16
9160.85259404644  1.082567E-16
9164.92068507593  1.053445E-16
9168.98877610542  1.018586E-16
9173.05686713491  1.020632E-16
9177.1249581644  1.019964E-16
9181.19304919389  9.581661E-17
9185.26114022338  9.445568E-17
9189.32923125287  9.639443E-17
9193.39732228237  9.877152E-17
9197.46541331186  1.054980E-16
9201.53350434135  1.107442E-16
9205.60159537084  1.075694E-16
9209.66968640033  1.032528E-16
9213.73777742982  1.019507E-16
9217.80586845931  1.041741E-16
9221.8739594888  1.054190E-16
9225.94205051829  9.688968E-17
9230.01014154778  9.257077E-17
9234.07823257727  9.136330E-17
9238.14632360676  8.403435E-17
9242.21441463625  9.517152E-17
9246.28250566574  1.096924E-16
9250.35059669523  1.128130E-16
9254.41868772472  1.064979E-16
9258.48677875421  1.058666E-16
9262.5548697837  1.063747E-16
9266.62296081319  1.073270E-16
9270.69105184268  1.040344E-16
9274.75914287217  9.486188E-17
9278.82723390167  9.510514E-17
9282.89532493116  8.876165E-17
9286.96341596065  8.755486E-17
9291.03150699014  1.005477E-16
9295.09959801963  1.213176E-16
9299.16768904912  1.411194E-16
9303.23578007861  1.339677E-16
9307.3038711081  1.233619E-16
9311.37196213759  1.217996E-16
9315.44005316708  1.315102E-16
9319.50814419657  1.223584E-16
9323.57623522606  9.154245E-17
9327.64432625555  7.785168E-17
9331.71241728504  7.727096E-17
9335.78050831453  7.480336E-17
9339.84859934402  7.996289E-17
9343.91669037351  8.919178E-17
9347.984781403  9.339932E-17
9352.05287243249  9.643449E-17
9356.12096346199  1.090295E-16
9360.18905449148  1.276552E-16
9364.25714552097  1.177041E-16
9368.32523655046  9.288794E-17
9372.39332757995  1.007930E-16
9376.46141860944  9.502904E-17
9380.52950963893  9.424535E-17
9384.59760066842  9.299841E-17
9388.66569169791  8.700832E-17
9392.7337827274  8.599910E-17
9396.80187375689  1.034456E-16
9400.86996478638  1.026698E-16
9404.93805581587  1.019706E-16
9409.00614684536  1.064334E-16
9413.07423787485  1.129373E-16
9417.14232890434  9.849132E-17
9421.21041993383  9.397936E-17
9425.27851096332  9.427281E-17
9429.34660199282  9.047574E-17
9433.41469302231  8.690614E-17
9437.4827840518  8.302403E-17
9441.55087508129  6.885728E-17
9445.61896611078  8.198045E-17
9449.68705714027  1.040922E-16
9453.75514816976  9.875052E-17
9457.82323919925  1.005125E-16
9461.89133022874  1.046867E-16
9465.95942125823  9.404445E-17
9470.02751228772  9.135841E-17
9474.09560331721  9.684696E-17
9478.1636943467  9.691230E-17
9482.23178537619  8.144895E-17
9486.29987640568  7.048219E-17
9490.36796743517  8.777147E-17
9494.43605846466  9.133584E-17
9498.50414949415  8.802802E-17
9502.57224052364  9.530997E-17
9506.64033155313  1.037898E-16
9510.70842258263  1.114824E-16
9514.77651361212  1.128447E-16
9518.84460464161  1.045169E-16
9522.9126956711  9.016055E-17
9526.98078670059  8.050672E-17
9531.04887773008  7.738807E-17
9535.11696875957  8.516729E-17
9539.18505978906  8.427254E-17
9543.25315081855  8.208997E-17
9547.32124184804  9.113535E-17
9551.38933287753  1.054654E-16
9555.45742390702  1.002927E-16
9559.52551493651  1.112444E-16
9563.593605966  1.161617E-16
9567.66169699549  9.282203E-17
9571.72978802498  8.219155E-17
9575.79787905447  8.362413E-17
9579.86597008396  8.175143E-17
9583.93406111345  7.881139E-17
9588.00215214295  7.738396E-17
9592.07024317244  7.984385E-17
9596.13833420193  8.153977E-17
9600.20642523142  8.705940E-17
9604.27451626091  8.948475E-17
9608.3426072904  8.979294E-17
9612.41069831989  9.831271E-17
9616.47878934938  9.834964E-17
9620.54688037887  1.033476E-16
9624.61497140836  1.088503E-16
9628.68306243785  9.835288E-17
9632.75115346734  9.646456E-17
9636.81924449683  8.432103E-17
9640.88733552632  9.005268E-17
9644.95542655581  9.010124E-17
9649.0235175853  8.933014E-17
9653.09160861479  9.984621E-17
9657.15969964428  1.092339E-16
9661.22779067377  1.023878E-16
9665.29588170327  1.029645E-16
9669.36397273276  1.013910E-16
9673.43206376225  9.613897E-17
9677.50015479174  9.923850E-17
9681.56824582123  9.116116E-17
9685.63633685072  8.333059E-17
9689.70442788021  8.547564E-17
9693.7725189097  8.115671E-17
9697.84060993919  8.212289E-17
9701.90870096868  9.861256E-17
9705.97679199817  1.215387E-16
9710.04488302766  1.193270E-16
9714.11297405715  9.232115E-17
9718.18106508664  9.535807E-17
9722.24915611613  9.028533E-17
9726.31724714562  6.886130E-17
9730.38533817511  8.034621E-17
9734.4534292046  8.425428E-17
9738.52152023409  9.278867E-17
9742.58961126358  9.614377E-17
9746.65770229307  1.041235E-16
9750.72579332256  9.897137E-17
9754.79388435205  8.217687E-17
9758.86197538155  8.125446E-17
9762.93006641104  9.443832E-17
9766.99815744053  9.501961E-17
9771.06624847002  9.542972E-17
9775.13433949951  8.717242E-17
9779.202430529  6.886690E-17
9783.27052155849  7.571376E-17
9787.33861258798  7.892658E-17
9791.40670361747  6.955461E-17
9795.47479464696  6.611630E-17
9799.54288567645  7.425389E-17
9803.61097670594  9.493490E-17
9807.67906773543  1.007415E-16
9811.74715876492  7.957631E-17
9815.81524979442  7.377822E-17
9819.8833408239  8.004850E-17
9823.9514318534  7.664742E-17
9828.01952288289  8.597075E-17
9832.08761391238  9.824285E-17
9836.15570494187  9.330689E-17
9840.22379597136  7.465701E-17
9844.29188700085  7.793442E-17
9848.35997803034  1.088202E-16
9852.42806905983  1.126911E-16
9856.49616008932  1.091659E-16
9860.56425111881  1.051693E-16
9864.6323421483  9.628433E-17
9868.70043317779  1.126642E-16
9872.76852420728  9.932633E-17
9876.83661523677  9.695266E-17
9880.90470626626  8.527777E-17
9884.97279729575  8.128366E-17
9889.04088832524  9.824354E-17
9893.10897935473  1.027847E-16
9897.17707038423  9.247687E-17
9901.24516141372  8.980225E-17
9905.31325244321  9.725373E-17
9909.3813434727  1.116973E-16
9913.44943450219  1.191914E-16
9917.51752553168  1.130563E-16
9921.58561656117  8.757468E-17
9925.65370759066  6.108614E-17
9929.72179862015  7.531771E-17
9933.78988964964  8.455593E-17
9937.85798067913  6.276393E-17
9941.92607170862  8.087635E-17
9945.99416273811  1.173742E-16
9950.0622537676  1.098626E-16
9954.13034479709  1.000690E-16
9958.19843582658  1.028741E-16
9962.26652685607  9.235464E-17
9966.33461788556  8.995360E-17
9970.40270891505  7.940783E-17
9974.47079994454  8.140041E-17
9978.53889097403  1.029561E-16
9982.60698200352  1.208428E-16
9986.67507303302  9.547876E-17
9990.7431640625  8.784364E-17
