4400.00000000001  5.272847946468903E-16
4403.12500000001  5.265639563531355E-16
4406.25000000001  5.212062106284567E-16
4409.37500000001  5.152023608374552E-16
4412.50000000001  5.094212613339749E-16
****************  5.023744299518294E-16
4418.75000000001  4.981887966111054E-16
4421.87500000001  4.972458777529970E-16
4425.00000000001  4.999378964362739E-16
4428.12500000001  4.980031376213334E-16
4431.25000000001  4.895143055883587E-16
4434.37500000001  *****************E-16
4437.50000000001  4.909934430603065E-16
4440.62500000001  4.836109705177316E-16
4443.75000000001  4.794323229670262E-16
4446.87500000001  4.795844323943729E-16
4450.00000000001  4.736608895753405E-16
4453.12500000001  4.703999960946881E-16
4456.25000000001  4.701151761318024E-16
****************  4.667713064841370E-16
4462.50000000001  4.643860887105475E-16
4465.62500000001  4.596297458278809E-16
4468.75000000001  4.555645203797845E-16
****************  4.522568228549444E-16
4475.00000000001  4.452796624269033E-16
4478.12500000001  4.403904258762098E-16
4481.25000000001  4.393818049968002E-16
4484.37500000001  4.396100258539677E-16
4487.50000000001  4.384630030522166E-16
4490.62500000001  4.342193827328889E-16
4493.75000000001  4.308429425126209E-16
4496.87500000001  4.309827839945269E-16
4500.00000000001  4.315568706371691E-16
4503.12500000001  4.280663752597533E-16
4506.25000000001  4.226670120202175E-16
4509.37500000001  4.181927891981623E-16
4512.50000000001  4.173267038758966E-16
4515.62500000001  *****************E-16
4518.75000000001  4.138789483307064E-16
4521.87500000001  4.097308056784034E-16
4525.00000000001  4.094398151386935E-16
4528.12500000001  4.090276188446575E-16
4531.25000000001  4.045735698461964E-16
****************  4.003957767544496E-16
4537.50000000001  3.983208517907524E-16
4540.62500000001  3.993864502070326E-16
4543.75000000001  3.991648401297342E-16
4546.87500000001  3.962972605657688E-16
4550.00000000001  3.960013532960678E-16
4553.12500000001  3.956140124979712E-16
4556.25000000001  3.901183746437420E-16
4559.37500000001  3.836005468969289E-16
4562.50000000001  3.834214945375408E-16
4565.62500000001  3.837803145120800E-16
4568.75000000001  3.793511230007832E-16
4571.87500000001  3.738799528541203E-16
4575.00000000001  3.754643635789034E-16
****************  3.744767145792172E-16
4581.25000000001  3.675472869430052E-16
4584.37500000001  3.646167746726796E-16
4587.50000000001  3.662402961993327E-16
****************  3.663590684741906E-16
4593.75000000001  3.631912689173717E-16
4596.87500000001  3.596301188753294E-16
4600.00000000001  3.556038954262940E-16
4603.12500000001  3.532997199656055E-16
4606.25000000001  3.490890986946135E-16
****************  3.433951263777135E-16
4612.50000000001  3.425751750521744E-16
4615.62500000001  3.423955266463170E-16
4618.75000000001  3.384186151959507E-16
****************  3.370142105049062E-16
4625.00000000001  3.388154927375567E-16
4628.12500000001  3.363389196574742E-16
4631.25000000001  3.353136303232496E-16
4634.37500000001  3.342162491685590E-16
4637.50000000001  3.321809888943711E-16
4640.62500000001  3.324720979899939E-16
4643.75000000001  3.320172251269216E-16
4646.87500000001  3.321513355825220E-16
4650.00000000001  3.320106090111123E-16
4653.12500000001  3.342326767493990E-16
4656.25000000001  3.332704746115172E-16
4659.37500000001  3.294304313748230E-16
4662.50000000001  3.285127972790788E-16
****************  3.276794096766557E-16
4668.75000000001  3.277579881995258E-16
4671.87500000001  3.245620850846566E-16
4675.00000000001  3.200009815607086E-16
4678.12500000001  3.208728208173255E-16
4681.25000000001  3.228539792734523E-16
4684.37500000001  3.215583944006562E-16
4687.50000000001  3.216111768479666E-16
4690.62500000001  3.214445387233328E-16
4693.75000000001  3.193540736676840E-16
4696.87500000001  3.181502162988162E-16
****************  3.188638151005252E-16
4703.12500000001  3.205215233466677E-16
4706.25000000001  3.187847570457045E-16
4709.37500000001  3.151492522697301E-16
****************  3.146405076345152E-16
4715.62500000001  3.127079605287192E-16
4718.75000000001  3.089629895101316E-16
4721.87500000001  3.065175976005675E-16
4725.00000000001  3.067427043722842E-16
4728.12500000001  3.057062615720393E-16
4731.25000000001  3.028600770629766E-16
4734.37500000001  3.027121122046723E-16
4737.50000000001  3.025732364304850E-16
4740.62500000001  3.032008588855318E-16
4743.75000000001  3.028755679222522E-16
4746.87500000001  3.013886260186167E-16
4750.00000000001  3.000236565694882E-16
4753.12500000001  2.988402774839704E-16
4756.25000000001  3.002240079622215E-16
4759.37500000001  3.018197317894286E-16
4762.50000000001  3.008542399791935E-16
4765.62500000001  2.982153831891704E-16
4768.75000000001  2.965451682609153E-16
4771.87500000001  2.958973800030178E-16
4775.00000000001  2.948589155922345E-16
4778.12500000001  2.943522738693015E-16
4781.25000000001  2.930858539359076E-16
4784.37500000001  2.916542397235380E-16
4787.50000000001  2.924877511062546E-16
4790.62500000001  2.940648006571417E-16
4793.75000000001  2.921427892121275E-16
****************  2.893691167694056E-16
4800.00000000001  2.896199629260247E-16
4803.12500000001  2.913253114794361E-16
4806.25000000001  2.928836471806400E-16
4809.37500000001  2.941056915871251E-16
4812.50000000001  2.931186703640067E-16
4815.62500000001  2.912639521624771E-16
4818.75000000001  2.913667702007725E-16
4821.87500000001  2.934633661845218E-16
4825.00000000001  2.938415897083822E-16
4828.12500000001  2.900402207947454E-16
****************  2.863585418696166E-16
4834.37500000001  2.862228241409934E-16
4837.50000000001  2.851993766849169E-16
4840.62500000001  2.823984504132417E-16
****************  2.803526131333267E-16
4846.87500000001  2.792508104166185E-16
4850.00000000001  2.783969271239304E-16
4853.12500000001  2.785014652395995E-16
4856.25000000001  2.813091187755176E-16
4859.37500000001  2.819144901305654E-16
4862.50000000001  2.831334268068548E-16
4865.62500000001  2.840652554052611E-16
4868.75000000001  2.831094718313821E-16
4871.87500000001  2.830763754073519E-16
****************  2.812293626596988E-16
4878.12500000001  2.792517218250080E-16
4881.25000000001  2.790046511330850E-16
4884.37500000001  2.766404743561674E-16
****************  2.736216016915515E-16
4890.62500000001  2.732013771314672E-16
4893.75000000001  2.754932149103880E-16
4896.87500000001  2.793029487112957E-16
4900.00000000001  2.831915078026369E-16
****************  2.833843065779826E-16
****************  2.840551470774839E-16
4909.37500000001  2.845255027858796E-16
4912.50000000001  2.854676572644047E-16
4915.62500000001  2.876172859840560E-16
****************  2.896291089373138E-16
4921.87500000001  2.881693424641130E-16
4925.00000000001  2.883430217792621E-16
4928.12500000001  2.889086035526960E-16
4931.25000000001  2.880773186431162E-16
4934.37500000001  2.871978754526871E-16
4937.50000000001  2.876716389160849E-16
4940.62500000001  2.862894353625463E-16
4943.75000000001  2.857121630637777E-16
4946.87500000001  2.857647641646966E-16
4950.00000000001  2.855118318454346E-16
4953.12500000001  2.877499267331366E-16
4956.25000000001  2.872955917143897E-16
4959.37500000001  2.857986220839717E-16
4962.50000000001  2.851552207529073E-16
4965.62500000001  2.845470445397498E-16
4968.75000000001  2.840311672003791E-16
4971.87500000001  2.844095409305992E-16
4975.00000000001  2.855441855504869E-16
4978.12500000001  2.854352770878755E-16
4981.25000000001  2.833461783987638E-16
4984.37500000001  2.816547575390091E-16
4987.50000000001  2.820520467009517E-16
4990.62500000001  2.821717553205671E-16
4993.75000000001  2.820506363404193E-16
4996.87500000001  2.804318975301423E-16
5000.00000000001  2.806428305646394E-16
5003.12500000001  2.785735764112007E-16
5006.25000000001  2.760217645911599E-16
5009.37500000001  2.744431348282958E-16
5012.50000000001  2.737830246472525E-16
5015.62500000001  2.748659543843893E-16
5018.75000000001  2.746800029818771E-16
5021.87500000001  2.738930091689622E-16
5025.00000000001  2.748241447616349E-16
5028.12500000001  2.747422945302829E-16
5031.25000000001  2.734250201564933E-16
5034.37500000001  2.736317670961682E-16
5037.50000000001  2.742966946423914E-16
5040.62500000001  2.728932433725379E-16
5043.75000000001  2.702811910790375E-16
5046.87500000001  2.697503826958560E-16
5050.00000000001  2.698042900170475E-16
5053.12500000001  2.681151804190649E-16
5056.25000000001  2.681756179361168E-16
5059.37500000001  2.687387587795621E-16
5062.50000000001  2.679404240302682E-16
5065.62500000001  2.686191128281121E-16
5068.75000000001  2.695837080834452E-16
5071.87500000001  2.683573582899684E-16
5075.00000000001  2.680293225453144E-16
5078.12500000001  2.683709501441569E-16
5081.25000000001  2.673354235234277E-16
5084.37500000001  2.669864663794636E-16
5087.50000000001  2.660485038532353E-16
5090.62500000001  2.647731412260965E-16
5093.75000000001  2.649542151649084E-16
5096.87500000001  2.635612122959245E-16
5100.00000000001  2.619535802016311E-16
5103.12500000001  2.632709677195756E-16
5106.25000000001  2.653484296535510E-16
5109.37500000001  2.643944045057995E-16
5112.50000000001  2.623093373907959E-16
5115.62500000001  2.601900996063226E-16
5118.75000000001  2.586162188354173E-16
5121.87500000001  2.600135701054572E-16
5125.00000000001  2.622517019859344E-16
5128.12500000001  2.627484576581924E-16
5131.25000000001  2.614364333096785E-16
5134.37500000001  2.610986696931579E-16
5137.50000000001  2.605036078872426E-16
5140.62500000001  2.590718047167237E-16
5143.75000000001  2.580975824407025E-16
5146.87500000001  2.566059564759928E-16
5150.00000000001  2.562325073818185E-16
5153.12500000001  2.587320600247311E-16
5156.25000000001  2.604874466792428E-16
5159.37500000001  2.583803926078240E-16
5162.50000000001  2.571336124055947E-16
5165.62500000001  2.568690273778575E-16
5168.75000000001  2.564540002212603E-16
5171.87500000001  2.573759649000260E-16
5175.00000000001  2.579445914462927E-16
5178.12500000001  2.569632604325933E-16
5181.25000000001  2.552568367327823E-16
5184.37500000001  2.538057590529488E-16
5187.50000000001  2.538415538862284E-16
5190.62500000001  2.550441992091621E-16
5193.75000000001  2.559446487108909E-16
5196.87500000001  2.541496845708153E-16
5200.00000000001  2.515953572288085E-16
5203.12500000001  2.510876448462297E-16
5206.25000000001  2.504521401006259E-16
5209.37500000001  2.512036056868387E-16
5212.50000000001  2.528169521252878E-16
5215.62500000001  2.527986786102078E-16
5218.75000000001  2.529400813649469E-16
5221.87500000001  2.532148314057528E-16
5225.00000000001  2.519592781378252E-16
5228.12500000001  2.517693833151499E-16
5231.25000000001  2.529130382710377E-16
5234.37500000001  2.524629254522270E-16
5237.50000000001  2.525728319285875E-16
5240.62500000001  2.537417590838763E-16
5243.75000000001  2.530293600878863E-16
5246.87500000001  2.525674645912134E-16
5250.00000000001  2.532582228442145E-16
5253.12500000001  2.544463851993979E-16
5256.25000000001  2.547240270768435E-16
5259.37500000001  2.534195289995268E-16
5262.50000000001  2.518594867836145E-16
5265.62500000001  2.513877837872060E-16
5268.75000000001  2.533539059827528E-16
5271.87500000001  2.548570898021421E-16
5275.00000000001  2.546102792772239E-16
5278.12500000001  2.532910845389715E-16
5281.25000000001  2.519256757054959E-16
5284.37500000001  2.531670762912256E-16
5287.50000000001  2.539845910443026E-16
5290.62500000001  2.528906370093228E-16
5293.75000000001  2.517046043692285E-16
5296.87500000001  2.499270283406554E-16
5300.00000000001  2.496304304044722E-16
5303.12500000001  2.499219921016970E-16
5306.25000000001  2.507960338738952E-16
5309.37500000001  2.517544678532726E-16
5312.50000000001  2.543166082339307E-16
5315.62500000001  2.592168005127852E-16
5318.75000000001  2.603472422897976E-16
5321.87500000001  2.603789169284131E-16
5325.00000000001  2.604270095696679E-16
5328.12500000001  2.599407403059463E-16
5331.25000000001  2.615615271521151E-16
5334.37500000001  2.638280326710624E-16
5337.50000000001  2.647062797278351E-16
5340.62500000001  2.643237630882266E-16
5343.75000000001  2.640748767346344E-16
5346.87500000001  2.618794467376013E-16
5350.00000000001  2.618738682519674E-16
5353.12500000001  2.637230157687981E-16
5356.25000000001  2.599876556494573E-16
5359.37500000001  2.574793114560028E-16
5362.50000000001  2.623558482388248E-16
5365.62500000001  2.663796601978400E-16
5368.75000000001  2.663315509956112E-16
5371.87500000001  2.635466257121859E-16
5375.00000000001  2.632514094808903E-16
5378.12500000001  2.668560282471974E-16
5381.25000000001  2.668179811423805E-16
5384.37500000001  2.643728586411466E-16
5387.50000000001  2.637729420011312E-16
5390.62500000001  2.627846463326005E-16
5393.75000000001  2.600929543285555E-16
5396.87500000001  2.590568922578473E-16
5400.00000000001  2.588274837293909E-16
5403.12500000001  2.574518291771396E-16
5406.25000000001  2.590592150929060E-16
5409.37500000001  2.606539281655319E-16
5412.50000000001  2.588268540025173E-16
5415.62500000001  2.587384972304762E-16
5418.75000000001  2.596455517305118E-16
5421.87500000001  2.594133789633868E-16
5425.00000000001  2.589736832189508E-16
5428.12500000001  2.606061591952915E-16
5431.25000000001  2.618548154790620E-16
5434.37500000001  2.586141069482092E-16
5437.50000000001  2.574553940600790E-16
5440.62500000001  2.603498698000933E-16
5443.75000000001  2.612767107709275E-16
5446.87500000001  2.614924043714232E-16
5450.00000000001  2.616841763091832E-16
5453.12500000001  2.602468494008680E-16
5456.25000000001  2.593512489956631E-16
5459.37500000001  2.586708710557092E-16
5462.50000000001  2.582661342177244E-16
5465.62500000001  2.586927753040809E-16
5468.75000000001  2.573923448440638E-16
5471.87500000001  2.564146316701566E-16
5475.00000000001  2.567503593931231E-16
5478.12500000001  2.562824933854041E-16
5481.25000000001  2.554641442786448E-16
5484.37500000001  2.549437030028756E-16
5487.50000000001  2.547509113152750E-16
5490.62500000001  2.553149118962477E-16
5493.75000000001  2.550448379321154E-16
5496.87500000001  2.544596648353673E-16
5500.00000000001  2.545133661914821E-16
5503.12500000001  2.539868364670479E-16
5506.25000000001  2.559505271523028E-16
5509.37500000001  2.588696828138856E-16
5512.50000000001  2.578458539190375E-16
5515.62500000001  2.567516915528597E-16
5518.75000000001  2.574134630258240E-16
5521.87500000001  2.567997741081130E-16
5525.00000000001  2.554879098957314E-16
5528.12500000001  2.553058038539744E-16
5531.25000000001  2.545041326956366E-16
5534.37500000001  2.544105664659003E-16
5537.50000000001  2.552481032770479E-16
5540.62500000001  2.558568945727277E-16
5543.75000000001  2.570249455927715E-16
5546.87500000001  2.597696545440529E-16
5550.00000000001  2.598591823207183E-16
5553.12500000001  2.579867933217994E-16
5556.25000000001  2.578025553581282E-16
5559.37500000001  2.580947075350724E-16
5562.50000000001  2.565881106768603E-16
5565.62500000001  2.551596257084547E-16
5568.75000000001  2.565757129102983E-16
5571.87500000001  2.540847133009365E-16
5575.00000000001  2.488994307442365E-16
5578.12500000001  2.461880946914696E-16
5581.25000000001  2.491692689622243E-16
5584.37500000001  2.532980144425519E-16
5587.50000000001  2.535152533825847E-16
5590.62500000001  2.535425229609353E-16
5593.75000000001  2.540882897554520E-16
5596.87500000001  2.522852370145962E-16
5600.00000000001  2.513268788759683E-16
5603.12500000001  2.542991598734957E-16
5606.25000000001  2.556417531292096E-16
5609.37500000001  2.551588610993591E-16
5612.50000000001  2.567314084268954E-16
5615.62500000001  2.576980390162423E-16
5618.75000000001  2.565792575639836E-16
5621.87500000001  2.571609405002515E-16
5625.00000000001  2.577732905532228E-16
5628.12500000001  2.561454532492924E-16
5631.25000000001  2.553279214927353E-16
5634.37500000001  2.557018162100047E-16
5637.50000000001  2.554744832842410E-16
5640.62500000001  2.547675929846398E-16
5643.75000000001  2.548937201255536E-16
5646.87500000001  2.530932859585515E-16
5650.00000000001  2.512294871978611E-16
5653.12500000001  2.521704266823655E-16
5656.25000000001  2.532969053120015E-16
5659.37500000001  2.545616152628084E-16
5662.50000000001  2.553146057622037E-16
5665.62500000001  2.553922348252055E-16
5668.75000000001  2.544732598260623E-16
5671.87500000001  2.537504485980691E-16
5675.00000000001  2.541053710042785E-16
5678.12500000001  2.552629890522642E-16
5681.25000000001  2.569695461838627E-16
5684.37500000001  2.567032170098472E-16
5687.50000000001  2.536744888600160E-16
5690.62500000001  2.526675043218487E-16
5693.75000000001  2.535149281799587E-16
5696.87500000001  2.537493206476165E-16
5700.00000000001  2.534607843091607E-16
5703.12500000001  2.518367315391867E-16
5706.25000000001  2.503064413878858E-16
5709.37500000001  2.509824569775184E-16
5712.50000000001  2.498424988045446E-16
5715.62500000001  2.465653026592582E-16
5718.75000000001  2.465641429212634E-16
5721.87500000001  2.473059446002231E-16
5725.00000000001  2.472759527373790E-16
5728.12500000001  2.459097427283702E-16
5731.25000000001  2.457660559112532E-16
5734.37500000001  2.456759906910945E-16
5737.50000000001  2.443745991855667E-16
5740.62500000001  2.450714056066986E-16
5743.75000000001  2.444136769455606E-16
5746.87500000001  2.421234040813189E-16
5750.00000000001  2.400101278118542E-16
5753.12500000001  2.378636938758399E-16
5756.25000000001  2.384091150470303E-16
5759.37500000001  2.402820423567762E-16
5762.50000000001  2.402224424347944E-16
5765.62500000001  2.384525572560018E-16
5768.75000000001  2.381168460680772E-16
5771.87500000001  2.380045858516461E-16
5775.00000000001  2.372955029162147E-16
5778.12500000001  2.375735864743583E-16
5781.25000000001  2.371976379693244E-16
5784.37500000001  2.342393810816294E-16
5787.50000000001  2.317225111022013E-16
5790.62500000001  2.313875481761110E-16
5793.75000000001  2.320042919117872E-16
5796.87500000001  2.318080132276845E-16
5800.00000000001  2.304463533595093E-16
5803.12500000001  2.301559906455293E-16
5806.25000000001  2.318339927300048E-16
5809.37500000001  2.325378274503716E-16
5812.50000000001  2.324489706847711E-16
5815.62500000001  2.330776609194091E-16
5818.75000000001  2.316705091923358E-16
5821.87500000001  2.309632950785867E-16
5825.00000000001  2.311238189950016E-16
5828.12500000001  2.301323515984293E-16
5831.25000000001  2.307908030846223E-16
5834.37500000001  2.314082564018730E-16
5837.50000000001  2.310897594670677E-16
5840.62500000001  2.309169881678212E-16
5843.75000000001  2.304635371138681E-16
5846.87500000001  2.290709846073126E-16
5850.00000000001  2.281162539792082E-16
5853.12500000001  2.284944868835605E-16
5856.25000000001  2.280808065292019E-16
5859.37500000001  2.276431455678360E-16
5862.50000000001  2.270444355389771E-16
5865.62500000001  2.262307033755414E-16
5868.75000000001  2.255229250815672E-16
5871.87500000001  2.259420461356902E-16
5875.00000000001  2.263639087447375E-16
5878.12500000001  2.257294628174639E-16
5881.25000000001  2.249936509519257E-16
5884.37500000001  2.234872806025411E-16
5887.50000000001  2.227779346864459E-16
5890.62500000001  2.235558310551919E-16
5893.75000000001  2.241297715089394E-16
5896.87500000001  2.251808852101189E-16
5900.00000000001  2.272526479660319E-16
5903.12500000001  2.298866314166092E-16
5906.25000000001  2.304161703049351E-16
5909.37500000001  2.300284471973224E-16
5912.50000000001  2.291224543041427E-16
5915.62500000001  2.277724326664281E-16
5918.75000000001  2.272504720415539E-16
5921.87500000001  2.280626097481524E-16
5925.00000000001  2.272900048535213E-16
5928.12500000001  2.263589729158822E-16
5931.25000000001  2.280829296155156E-16
5934.37500000001  2.286814670036268E-16
5937.50000000001  2.266359549938820E-16
5940.62500000001  2.264891588799339E-16
5943.75000000001  2.263052570162340E-16
5946.87500000001  2.256693332140653E-16
5950.00000000001  2.259943640989339E-16
5953.12500000001  2.245360091904759E-16
5956.25000000001  2.231488149008949E-16
5959.37500000001  2.221784566872169E-16
5962.50000000001  2.226218233499948E-16
5965.62500000001  2.209524787069998E-16
5968.75000000001  2.193510238174264E-16
5971.87500000001  2.211840930895309E-16
5975.00000000001  2.217178198009734E-16
5978.12500000001  2.194999134829748E-16
5981.25000000001  2.176285307591155E-16
5984.37500000001  2.164483016075908E-16
5987.50000000001  2.154852520375471E-16
5990.62500000001  2.157461723838699E-16
5993.75000000001  2.150007734047304E-16
5996.87500000001  2.140180813461142E-16
6000.00000000001  2.134828607891936E-16
6003.12500000001  2.126775218413681E-16
6006.25000000001  2.123330543228018E-16
6009.37500000001  2.119561632912106E-16
6012.50000000001  2.121417092478614E-16
6015.62500000001  2.120427179157453E-16
6018.75000000001  2.104081375534041E-16
6021.87500000001  2.097267084145223E-16
6025.00000000001  2.107843571495664E-16
6028.12500000001  2.117047303948960E-16
6031.25000000001  2.114294265986984E-16
6034.37500000001  2.120320514063348E-16
6037.50000000001  2.134414343716662E-16
6040.62500000001  2.136918955172584E-16
6043.75000000001  2.134538104546929E-16
6046.87500000001  2.119071718708243E-16
6050.00000000001  2.095933138885966E-16
6053.12500000001  2.081938837745702E-16
6056.25000000001  2.071933910260788E-16
6059.37500000001  2.078253039668043E-16
6062.50000000001  2.087529292214322E-16
6065.62500000001  2.082186855222411E-16
6068.75000000001  2.088265987863513E-16
6071.87500000001  2.099104188449324E-16
6075.00000000001  2.097750776264826E-16
6078.12500000001  2.088882941089760E-16
6081.25000000001  2.091366668076334E-16
6084.37500000001  2.099398766631367E-16
6087.50000000001  2.093416535921670E-16
6090.62500000001  2.083451304563721E-16
6093.75000000001  2.080610767830100E-16
6096.87500000001  2.077729926232191E-16
6100.00000000001  2.072798088733305E-16
6103.12500000001  2.068268433589603E-16
6106.25000000001  2.063802853441352E-16
6109.37500000001  2.051295712352083E-16
6112.50000000001  2.045222445864423E-16
6115.62500000001  2.046935483417289E-16
6118.75000000001  2.039423807787509E-16
6121.87500000001  2.033861353124067E-16
6125.00000000001  2.041113003481600E-16
6128.12500000001  2.027653082111102E-16
6131.25000000001  1.999047768966446E-16
6134.37500000001  1.993665767371596E-16
6137.50000000001  1.994404566970335E-16
6140.62500000001  1.987122816266099E-16
6143.75000000001  1.993252409145113E-16
6146.87500000001  1.995334020140729E-16
6150.00000000001  1.996322468755589E-16
6153.12500000001  2.005224483993108E-16
6156.25000000001  1.992476218208107E-16
6159.37500000001  1.967694305216279E-16
6162.50000000001  1.952407000958893E-16
6165.62500000001  1.952763992731585E-16
6168.75000000001  1.945337040816072E-16
6171.87500000001  1.940109352974152E-16
6175.00000000001  1.926532159460813E-16
6178.12500000001  1.919679860237732E-16
6181.25000000001  1.912931720135169E-16
6184.37500000001  1.896697351461538E-16
6187.50000000001  1.894852885662183E-16
6190.62500000001  1.912785986773416E-16
6193.75000000001  1.924676219766925E-16
6196.87500000001  1.918274531674660E-16
6200.00000000001  1.904752025424881E-16
6203.12500000001  1.892558404778483E-16
6206.25000000001  1.887033650054227E-16
6209.37500000001  1.883344923016443E-16
6212.50000000001  1.887180296371730E-16
6215.62500000001  1.888432516796195E-16
6218.75000000001  1.887280302897334E-16
6221.87500000001  1.882053299867081E-16
6225.00000000001  1.876874405384366E-16
6228.12500000001  1.882388722275071E-16
6231.25000000001  1.879562271798060E-16
6234.37500000001  1.875520569176095E-16
6237.50000000001  1.874087094499812E-16
6240.62500000001  1.869040426914585E-16
6243.75000000001  1.858738709266862E-16
6246.87500000001  1.854606218508478E-16
6250.00000000001  1.854695094788510E-16
6253.12500000001  1.845946617648611E-16
6256.25000000001  1.837848100530217E-16
6259.37500000001  1.837555703474882E-16
6262.50000000001  1.845781043795193E-16
6265.62500000001  1.847768539161594E-16
6268.75000000001  1.845944108932289E-16
6271.87500000001  1.842049478902540E-16
6275.00000000001  1.827709957085286E-16
6278.12500000001  1.812447882550583E-16
6281.25000000001  1.815060278587577E-16
6284.37500000001  1.823772772503117E-16
6287.50000000001  1.819606014001533E-16
6290.62500000001  1.820180021579172E-16
6293.75000000001  1.826403537520409E-16
6296.87500000001  1.830004268842753E-16
6300.00000000001  1.825778441840169E-16
6303.12500000001  1.823135113475007E-16
6306.25000000001  1.821984237592601E-16
6309.37500000001  1.813712070080548E-16
6312.50000000001  1.801955906536646E-16
6315.62500000001  1.792118718343177E-16
6318.75000000001  1.787875821770682E-16
6321.87500000001  1.796523856254065E-16
6325.00000000001  1.809618862181432E-16
6328.12500000001  1.806810788420780E-16
6331.25000000001  1.797001789653913E-16
6334.37500000001  1.792054254491414E-16
6337.50000000001  1.788271853610174E-16
6340.62500000001  1.780899308495469E-16
6343.75000000001  1.766431693812391E-16
6346.87500000001  1.776898861338075E-16
6350.00000000001  1.784818458397096E-16
6353.12500000001  1.781465711176659E-16
6356.25000000001  1.767826079580528E-16
6359.37500000001  1.749715278305993E-16
6362.50000000001  1.725705605074839E-16
6365.62500000001  1.706075742105741E-16
6368.75000000001  1.700698661365624E-16
6371.87500000001  1.702360010056793E-16
6375.00000000001  1.704486373486648E-16
6378.12500000001  1.710470940196275E-16
6381.25000000001  1.720773803897773E-16
6384.37500000001  1.724041622960360E-16
6387.50000000001  1.719458739984607E-16
6390.62500000001  1.726625608436039E-16
6393.75000000001  1.736609847411316E-16
6396.87500000001  1.746717878499220E-16
6400.00000000001  1.757701486007564E-16
6403.12500000001  1.755291222029955E-16
6406.25000000001  1.756267572844211E-16
6409.37500000001  1.762071531250708E-16
6412.50000000001  1.749402454863896E-16
6415.62500000001  1.729627743456975E-16
6418.75000000001  1.726726426612727E-16
6421.87500000001  1.740640773910572E-16
6425.00000000001  1.754201798491574E-16
6428.12500000001  1.755123742300169E-16
6431.25000000001  1.752974494845785E-16
6434.37500000001  1.762723642328387E-16
6437.50000000001  1.753378976105332E-16
6440.62500000001  1.742948607763280E-16
6443.75000000001  1.745428664631969E-16
6446.87500000001  1.750228598829108E-16
6450.00000000001  1.772936288705404E-16
6453.12500000001  1.787314733390038E-16
6456.25000000001  1.770846368169578E-16
6459.37500000001  1.760815740910952E-16
6462.50000000001  1.766989132175734E-16
6465.62500000001  1.764765053610235E-16
6468.75000000001  1.753489680863826E-16
6471.87500000001  1.751471373606735E-16
6475.00000000001  1.750321390701148E-16
6478.12500000001  1.737065009224942E-16
6481.25000000001  1.727108240044742E-16
6484.37500000001  1.726705575612114E-16
6487.50000000001  1.719653079041270E-16
6490.62500000001  1.713063479635671E-16
6493.75000000001  1.716796029619932E-16
6496.87500000001  1.720850949476318E-16
6500.00000000001  1.742863825217999E-16
6503.12500000001  1.769328781551728E-16
6506.25000000001  1.768849139069814E-16
6509.37500000001  1.776014224164545E-16
6512.50000000001  1.783502975345947E-16
6515.62500000001  1.781980046035283E-16
6518.75000000001  1.781415690276381E-16
6521.87500000001  1.770992868240984E-16
6525.00000000001  1.761610227476491E-16
6528.12500000001  1.762584984481715E-16
6531.25000000001  1.777731193469321E-16
6534.37500000001  1.798016063348671E-16
6537.50000000001  1.799376165866744E-16
6540.62500000001  1.797193450063139E-16
6543.75000000001  1.796748083395379E-16
6546.87500000001  1.781614679403021E-16
6550.00000000001  1.768338425298311E-16
6553.12500000001  1.768520987014476E-16
6556.25000000001  1.765760959607915E-16
6559.37500000001  1.756349788822384E-16
6562.50000000001  1.752320335730670E-16
6565.62500000001  1.754640939063563E-16
6568.75000000001  1.752031872093441E-16
6571.87500000001  1.750389328478087E-16
6575.00000000001  1.751429482002548E-16
6578.12500000001  1.747401207865971E-16
6581.25000000001  1.742280878923607E-16
6584.37500000001  1.744817497362752E-16
6587.50000000001  1.758644288792225E-16
6590.62500000001  1.769348021833815E-16
6593.75000000001  1.768888519923590E-16
6596.87500000001  1.771820236159726E-16
6600.00000000001  1.775018284005076E-16
6603.12500000001  1.771161028454393E-16
6606.25000000001  1.762043908138086E-16
6609.37500000001  1.754920740680924E-16
6612.50000000001  1.749070692918895E-16
6615.62500000001  1.744338330324389E-16
6618.75000000001  1.739075492548382E-16
6621.87500000001  1.743070156780346E-16
6625.00000000001  1.749770910112295E-16
6628.12500000001  1.745288799906902E-16
6631.25000000001  1.739895680463710E-16
6634.37500000001  1.735320722336581E-16
6637.50000000001  1.730748006459845E-16
6640.62500000001  1.729275419567397E-16
6643.75000000001  1.717711139061201E-16
6646.87500000001  1.709725413449414E-16
6650.00000000001  1.719867572950902E-16
6653.12500000001  1.713653873344221E-16
6656.25000000001  1.700515523814958E-16
6659.37500000001  1.701803991934784E-16
6662.50000000001  1.696887261349569E-16
6665.62500000001  1.698574159630828E-16
6668.75000000001  1.712458450232428E-16
6671.87500000001  1.715769378578546E-16
6675.00000000001  1.709486666260606E-16
6678.12500000001  1.707943032466551E-16
6681.25000000001  1.708264990748867E-16
6684.37500000001  1.707002298310814E-16
6687.50000000001  1.699620074471957E-16
6690.62500000001  1.699307410815675E-16
6693.75000000001  1.698315295336525E-16
6696.87500000001  1.683878540678669E-16
6700.00000000001  1.677691885865151E-16
6703.12500000001  1.685277317807582E-16
6706.25000000001  1.681612209018091E-16
6709.37500000001  1.676426358003893E-16
6712.50000000001  1.676738107561984E-16
6715.62500000001  1.668462318186090E-16
6718.75000000001  1.655708066570783E-16
6721.87500000001  1.651448173461265E-16
6725.00000000001  1.652677071875299E-16
6728.12500000001  1.651978440124140E-16
6731.25000000001  1.650747271969156E-16
6734.37500000001  1.653080703546880E-16
6737.50000000001  1.649649412289157E-16
6740.62500000001  1.633789981843280E-16
6743.75000000001  1.625642796569629E-16
6746.87500000001  1.628790221318386E-16
6750.00000000001  1.628363479715245E-16
6753.12500000001  1.629617171113676E-16
6756.25000000001  1.620479703773869E-16
6759.37500000001  1.621453495750835E-16
6762.50000000001  1.629242285549194E-16
6765.62500000001  1.625805627632430E-16
6768.75000000001  1.619430687732508E-16
6771.87500000001  1.614965138030561E-16
6775.00000000001  1.610892532968609E-16
6778.12500000001  1.602869179099164E-16
6781.25000000001  1.598200365769897E-16
6784.37500000001  1.601602850459431E-16
6787.50000000001  1.598339212360182E-16
6790.62500000001  1.586717999717724E-16
6793.75000000001  1.586563804681941E-16
6796.87500000001  1.592948645977171E-16
6800.00000000001  1.591368182638376E-16
6803.12500000001  1.592187616892844E-16
6806.25000000001  1.595529086028957E-16
6809.37500000001  1.588935749333759E-16
6812.50000000001  1.581748671479025E-16
6815.62500000001  1.579716957863138E-16
6818.75000000001  1.582302459163422E-16
6821.87500000001  1.584138735103317E-16
6825.00000000001  1.580537923514837E-16
6828.12500000001  1.584512149712674E-16
6831.25000000001  1.591011121970251E-16
6834.37500000001  1.589240174075498E-16
6837.50000000001  1.589554907435464E-16
6840.62500000001  1.580416949060253E-16
6843.75000000001  1.563078937882343E-16
6846.87500000001  1.557076042573037E-16
6850.00000000001  1.559417054910178E-16
6853.12500000001  1.564837214752939E-16
6856.25000000001  1.570872191275229E-16
6859.37500000001  1.563213498702268E-16
6862.50000000001  1.549698640168872E-16
6865.62500000001  1.545359058180888E-16
6868.75000000001  1.541555863133431E-16
6871.87500000001  1.544736874842778E-16
6875.00000000001  1.554515183093864E-16
6878.12500000001  1.552185867037362E-16
6881.25000000001  1.546295073523356E-16
6884.37500000001  1.540216017970142E-16
6887.50000000001  1.532859359963290E-16
6890.62500000001  1.533501203495405E-16
6893.75000000001  1.542694890859422E-16
6896.87500000001  1.545965199822713E-16
6900.00000000001  1.542480519755881E-16
6903.12500000001  1.538125032085669E-16
6906.25000000001  1.527574529663725E-16
6909.37500000001  1.525719487942164E-16
6912.50000000001  1.534023297653140E-16
6915.62500000001  1.539099383033940E-16
6918.75000000001  1.531734488380780E-16
6921.87500000001  1.513845522451071E-16
6925.00000000001  1.509154137750739E-16
6928.12500000001  1.515867797210384E-16
6931.25000000001  1.524641427332770E-16
6934.37500000001  1.527876627657461E-16
6937.50000000001  1.518525988455780E-16
6940.62500000001  1.516530173714056E-16
6943.75000000001  1.521732651883909E-16
6946.87500000001  1.518746207738957E-16
6950.00000000001  1.516890999713938E-16
6953.12500000001  1.517527492984848E-16
6956.25000000001  1.514408264737462E-16
6959.37500000001  1.507329147216598E-16
6962.50000000001  1.507568150831258E-16
6965.62500000001  1.507215693562750E-16
6968.75000000001  1.492599239887895E-16
6971.87500000001  1.487610880663105E-16
6975.00000000001  1.495437789054877E-16
6978.12500000001  1.490196658522020E-16
6981.25000000001  1.484237377337647E-16
6984.37500000001  1.491506763504744E-16
6987.50000000001  1.503062448240767E-16
6990.62500000001  1.506726705537232E-16
6993.75000000001  1.504500720491366E-16
6996.87500000001  1.497950013139626E-16
7000.00000000001  1.486347742686761E-16
7003.12500000001  1.477200857234632E-16
7006.25000000001  1.476822589128407E-16
7009.37500000001  1.484403474492530E-16
7012.50000000001  1.488088577993845E-16
7015.62500000001  1.477980011907389E-16
7018.75000000001  1.471248900184410E-16
7021.87500000001  1.466367738343078E-16
7025.00000000001  1.458792364733866E-16
7028.12500000001  1.446976822345324E-16
7031.25000000001  1.438680230010406E-16
7034.37500000001  1.451522314830052E-16
7037.50000000001  1.460885249419545E-16
7040.62500000001  1.466077671484434E-16
7043.75000000001  1.467685636539374E-16
7046.87500000001  1.475070916692960E-16
7050.00000000001  1.478959629254781E-16
7053.12500000001  1.477166215478619E-16
7056.25000000001  1.475750575480505E-16
7059.37500000001  1.476168673974688E-16
7062.50000000001  1.464812631502739E-16
7065.62500000001  1.441096070132036E-16
7068.75000000001  1.434014737438598E-16
7071.87500000001  1.443060131215523E-16
7075.00000000001  1.450652253503271E-16
7078.12500000001  1.458795200369803E-16
7081.25000000001  1.459357675668077E-16
7084.37500000001  1.452008010584744E-16
7087.50000000001  1.445335249874008E-16
7090.62500000001  1.442314411450176E-16
7093.75000000001  1.441491812716492E-16
7096.87500000001  1.436408991939106E-16
7100.00000000001  1.439237303868446E-16
7103.12500000001  1.444132599903268E-16
7106.25000000001  1.440487301031524E-16
7109.37500000001  1.444042542986687E-16
7112.50000000001  1.437451744191291E-16
7115.62500000001  1.416600576710682E-16
7118.75000000001  1.409909281727111E-16
7121.87500000001  1.417036549993496E-16
7125.00000000001  1.418945034524547E-16
7128.12500000001  1.420913232200912E-16
7131.25000000001  1.423783425576362E-16
7134.37500000001  1.425261130926084E-16
7137.50000000001  1.434220869262863E-16
7140.62500000001  1.434231266613354E-16
7143.75000000001  1.426815658950627E-16
7146.87500000001  1.439098146318640E-16
7150.00000000001  1.449527064855419E-16
7153.12500000001  1.440329753098350E-16
7156.25000000001  1.439390959549151E-16
7159.37500000001  1.442790291931835E-16
7162.50000000001  1.449593923281465E-16
7165.62500000001  1.453957913429962E-16
7168.75000000001  1.458254927805872E-16
7171.87500000001  1.466794216913412E-16
7175.00000000001  1.467450234040764E-16
7178.12500000001  1.469398776371351E-16
7181.25000000001  1.481009808742069E-16
7184.37500000001  1.480965042486110E-16
7187.50000000001  1.469900072510329E-16
7190.62500000001  1.463438827541074E-16
7193.75000000001  1.461715147518519E-16
7196.87500000001  1.457695302828656E-16
7200.00000000001  1.444374180263993E-16
7203.12500000001  1.427892672726923E-16
7206.25000000001  1.416563210704518E-16
7209.37500000001  1.415454811359738E-16
7212.50000000001  1.416156228848723E-16
7215.62500000001  1.412603852362857E-16
7218.75000000001  1.401292234764782E-16
7221.87500000001  1.395635935254606E-16
7225.00000000001  1.406482800339805E-16
7228.12500000001  1.430719502430549E-16
7231.25000000001  1.439883735405976E-16
7234.37500000001  1.424221271323801E-16
7237.50000000001  1.414513285518009E-16
7240.62500000001  1.414969156599281E-16
7243.75000000001  1.393284177412388E-16
7246.87500000001  1.369971094841935E-16
7250.00000000001  1.351668474330265E-16
7253.12500000001  1.322663693119729E-16
7256.25000000001  1.307993111030479E-16
7259.37500000001  1.313302065148227E-16
7262.50000000001  1.321937233209119E-16
7265.62500000001  1.339851891406655E-16
7268.75000000001  1.361288339958512E-16
7271.87500000001  1.375857525865461E-16
7275.00000000001  1.379151953955735E-16
7278.12500000001  1.380906501871688E-16
7281.25000000001  1.389775767277785E-16
7284.37500000001  1.400622923519863E-16
7287.50000000001  1.403795931768089E-16
7290.62500000001  1.404310925731299E-16
7293.75000000001  1.414027776284487E-16
7296.87500000001  1.411974606765396E-16
7300.00000000001  1.408141383340962E-16
7303.12500000001  1.403494768363314E-16
7306.25000000001  1.404510450087764E-16
7309.37500000001  1.406241878617719E-16
7312.50000000001  1.401808669841138E-16
7315.62500000001  1.396821143112394E-16
7318.75000000001  1.394134268412415E-16
7321.87500000001  1.402487966984060E-16
7325.00000000001  1.400191309541041E-16
7328.12500000001  1.385613697975405E-16
7331.25000000001  1.387580899220968E-16
7334.37500000001  1.386486413887356E-16
7337.50000000001  1.384645000801965E-16
7340.62500000001  1.391274924987545E-16
7343.75000000001  1.397154570943829E-16
7346.87500000001  1.400224683575224E-16
7350.00000000001  1.401486019868407E-16
7353.12500000001  1.402406252902042E-16
7356.25000000001  1.400749960930573E-16
7359.37500000001  1.387190013605876E-16
7362.50000000001  1.373185641063754E-16
7365.62500000001  1.374090856349025E-16
7368.75000000001  1.379548858964236E-16
7371.87500000001  1.386273352630746E-16
7375.00000000001  1.399318702784719E-16
7378.12500000001  1.400996131107450E-16
7381.25000000001  1.389372733059022E-16
7384.37500000001  1.387121828541308E-16
7387.50000000001  1.392458227674457E-16
7390.62500000001  1.390831805815701E-16
7393.75000000001  1.385633430444638E-16
7396.87500000001  1.382321988552201E-16
7400.00000000001  1.382112924914372E-16
7403.12500000001  1.380675388186267E-16
7406.25000000001  1.378276693358100E-16
7409.37500000001  1.389766955011762E-16
7412.50000000001  1.391846694513539E-16
7415.62500000001  1.390229955731218E-16
7418.75000000001  1.391465359174654E-16
7421.87500000001  1.395325148697043E-16
7425.00000000001  1.402060649813663E-16
7428.12500000001  1.403327034549523E-16
7431.25000000001  1.403533507347135E-16
7434.37500000001  1.410575403354375E-16
7437.50000000001  1.419334159915410E-16
7440.62500000001  1.423045697276503E-16
7443.75000000001  1.417850064167449E-16
7446.87500000001  1.412924012449144E-16
7450.00000000001  1.416089147608254E-16
7453.12500000001  1.409130248318988E-16
7456.25000000001  1.399647350232759E-16
7459.37500000001  1.405940545295679E-16
7462.50000000001  1.417534654050281E-16
7465.62500000001  1.425613107109655E-16
7468.75000000001  1.419843752941015E-16
7471.87500000001  1.407338492832300E-16
7475.00000000001  1.407677215041835E-16
7478.12500000001  1.411735320407845E-16
7481.25000000001  1.422505327059558E-16
7484.37500000001  1.426512717872587E-16
7487.50000000001  1.409386047134096E-16
7490.62500000001  1.400749253738398E-16
7493.75000000001  1.401350198234013E-16
7496.87500000001  1.407183322558053E-16
7500.00000000001  1.406412330332526E-16
7503.12500000001  1.408631973641966E-16
7506.25000000001  1.412386621029362E-16
7509.37500000001  1.413725392664984E-16
7512.50000000001  1.421333661425846E-16
7515.62500000001  1.418011079138155E-16
7518.75000000001  1.407103490315136E-16
7521.87500000001  1.400262559109653E-16
7525.00000000001  1.403130977376642E-16
7528.12500000001  1.412782221199680E-16
7531.25000000001  1.412390194222056E-16
7534.37500000001  1.414244261871965E-16
7537.50000000001  1.413204157890179E-16
7540.62500000001  1.399668193105894E-16
7543.75000000001  1.389331127080113E-16
7546.87500000001  1.388373561064483E-16
7550.00000000001  1.397590303702133E-16
7553.12500000001  1.403526372624367E-16
7556.25000000001  1.400311247453075E-16
7559.37500000001  1.398939839678364E-16
7562.50000000001  1.402803539692539E-16
7565.62500000001  1.401970878925173E-16
7568.75000000001  1.397363840107751E-16
7571.87500000001  1.391103056485881E-16
7575.00000000001  1.385274063745052E-16
7578.12500000001  1.385064643022513E-16
7581.25000000001  1.385022368232506E-16
7584.37500000001  1.393916256754013E-16
7587.50000000001  1.403161676344561E-16
7590.62500000001  1.394939132401910E-16
7593.75000000001  1.372855568576303E-16
7596.87500000001  1.354532536753684E-16
7600.00000000001  1.345834183200202E-16
7603.12500000001  1.344364219858397E-16
7606.25000000001  1.372399044651650E-16
7609.37500000001  1.433168228758807E-16
7612.50000000001  1.458038953538933E-16
7615.62500000001  1.443820878457981E-16
7618.75000000001  1.427041490439453E-16
7621.87500000001  1.392730141098585E-16
7625.00000000001  1.358269742828723E-16
7628.12500000001  1.367707031410821E-16
7631.25000000001  1.384819976367933E-16
7634.37500000001  1.389862382731597E-16
7637.50000000001  1.390732571383245E-16
7640.62500000001  1.397913078538698E-16
7643.75000000001  1.412248318980753E-16
7646.87500000001  1.409221765266423E-16
7650.00000000001  1.391767070396070E-16
7653.12500000001  1.389527674352785E-16
7656.25000000001  1.390083595752890E-16
7659.37500000001  1.383004801052106E-16
7662.50000000001  1.370868622253621E-16
7665.62500000001  1.365262055777824E-16
7668.75000000001  1.367069557097511E-16
7671.87500000001  1.367238356434213E-16
7675.00000000001  1.365477883615767E-16
7678.12500000001  1.365435739496322E-16
7681.25000000001  1.366525714540796E-16
7684.37500000001  1.368461954356699E-16
7687.50000000001  1.372565728355657E-16
7690.62500000001  1.367770972358166E-16
7693.75000000001  1.371219718171876E-16
7696.87500000001  1.370171249971588E-16
7700.00000000001  1.296823024828835E-16
7703.12500000001  1.279731061813120E-16
7706.25000000001  1.351656311919420E-16
7709.37500000001  1.363278090676593E-16
7712.50000000001  1.344560018453495E-16
7715.62500000001  1.361309993320003E-16
7718.75000000001  1.390975077416074E-16
7721.87500000001  1.395929801493191E-16
7725.00000000001  1.382675121643894E-16
7728.12500000001  1.388711905232074E-16
7731.25000000001  1.393947435491825E-16
7734.37500000001  1.386690581292118E-16
7737.50000000001  1.387179277449920E-16
7740.62500000001  1.400213034179820E-16
7743.75000000001  1.405818540636563E-16
7746.87500000001  1.408585715590029E-16
7750.00000000001  1.415828994044270E-16
7753.12500000001  1.413687438575407E-16
7756.25000000001  1.413793959199090E-16
7759.37500000001  1.414371274096511E-16
7762.50000000001  1.413740733079389E-16
7765.62500000001  1.414803034445624E-16
7768.75000000001  1.406414373626429E-16
7771.87500000001  1.400526978205023E-16
7775.00000000001  1.402594599250276E-16
7778.12500000001  1.399969276416656E-16
7781.25000000001  1.407391333363110E-16
7784.37500000001  1.416091905980779E-16
7787.50000000001  1.407530530475014E-16
7790.62500000001  1.396257282147119E-16
7793.75000000001  1.395972552007660E-16
7796.87500000001  1.402382119268857E-16
7800.00000000001  1.419319200533338E-16
7803.12500000001  1.423910123134178E-16
7806.25000000001  1.402862141873940E-16
7809.37500000001  1.398248022108046E-16
7812.50000000001  1.405573492097078E-16
7815.62500000001  1.396468723672844E-16
7818.75000000001  1.393193888005931E-16
7821.87500000001  1.392265629127195E-16
7825.00000000001  1.392530088479171E-16
7828.12500000001  1.390700685776272E-16
7831.25000000001  1.392626724999393E-16
7834.37500000001  1.393192022207100E-16
7837.50000000001  1.392090548476774E-16
7840.62500000001  1.389998150957238E-16
7843.75000000001  1.387131465196681E-16
7846.87500000001  1.389446911626205E-16
7850.00000000001  1.389190981793111E-16
7853.12500000001  1.383660089846992E-16
7856.25000000001  1.386146621063639E-16
7859.37500000001  1.398772910198884E-16
7862.50000000001  1.399788974075693E-16
7865.62500000001  1.400188184325581E-16
7868.75000000001  1.400410446591197E-16
7871.87500000001  1.393803468997035E-16
7875.00000000001  1.393211894225183E-16
7878.12500000001  1.399317451456621E-16
7881.25000000001  1.394360177606489E-16
7884.37500000001  1.391652761152919E-16
7887.50000000001  1.393074323829370E-16
7890.62500000001  1.380342986158553E-16
7893.75000000001  1.375703136372768E-16
7896.87500000001  1.384764071212633E-16
7900.00000000001  1.390705086648203E-16
7903.12500000001  1.389109309805305E-16
7906.25000000001  1.379189285819838E-16
7909.37500000001  1.376335925587701E-16
7912.50000000001  1.380140754693478E-16
7915.62500000001  1.380552737901850E-16
7918.75000000001  1.383044525994972E-16
7921.87500000001  1.378995132241485E-16
7925.00000000001  1.381559772969795E-16
7928.12500000001  1.394385232984778E-16
7931.25000000001  1.386146549050040E-16
7934.37500000001  1.374276998841370E-16
7937.50000000001  1.371753066985802E-16
7940.62500000001  1.376698781858646E-16
7943.75000000001  1.381182803541731E-16
7946.87500000001  1.373166997706212E-16
7950.00000000001  1.363951654325620E-16
7953.12500000001  1.371338423426638E-16
7956.25000000001  1.381996131462488E-16
7959.37500000001  1.371760465656206E-16
7962.50000000001  1.357058486754576E-16
7965.62500000001  1.357069465933874E-16
7968.75000000001  1.369513626783961E-16
7971.87500000001  1.376942726042589E-16
7975.00000000001  1.366645492474459E-16
7978.12500000001  1.358638311369839E-16
7981.25000000001  1.361285476481441E-16
7984.37500000001  1.357657901935516E-16
7987.50000000001  1.343332626788116E-16
7990.62500000001  1.326195877103757E-16
7993.75000000001  1.327095510743190E-16
7996.87500000001  1.336909002228120E-16
8000.00000000001  1.330819832798970E-16
8003.12500000001  1.323952779844370E-16
8006.25000000001  1.329213715152680E-16
8009.37500000001  1.332504767343533E-16
8012.50000000001  1.335093015332912E-16
8015.62500000001  1.342507764215814E-16
8018.75000000001  1.347234135257934E-16
8021.87500000001  1.348536985805605E-16
8025.00000000001  1.353306052401384E-16
8028.12500000001  1.357579873225946E-16
8031.25000000001  1.355852591647368E-16
8034.37500000001  1.352967724166204E-16
8037.50000000001  1.351657797140721E-16
8040.62500000001  1.349863747094969E-16
8043.75000000001  1.341691937282855E-16
8046.87500000001  1.338112518653511E-16
8050.00000000001  1.344783500256879E-16
8053.12500000001  1.355610818342278E-16
8056.25000000001  1.358374483645337E-16
8059.37500000001  1.344629631957406E-16
8062.50000000001  1.337439422713348E-16
8065.62500000001  1.352291655429055E-16
8068.75000000001  1.366111462560491E-16
8071.87500000001  1.375444668457433E-16
8075.00000000001  1.387279465979805E-16
8078.12500000001  1.399542451496603E-16
8081.25000000001  1.397688195664839E-16
8084.37500000001  1.391834913988270E-16
8087.50000000001  1.388986174319150E-16
8090.62500000001  1.375727859531164E-16
8093.75000000001  1.364533303839399E-16
8096.87500000001  1.370634974071059E-16
8100.00000000001  1.378991284598838E-16
8103.12500000001  1.367881366991265E-16
8106.25000000001  1.349160336774792E-16
8109.37500000001  1.355128323869030E-16
8112.50000000001  1.380789615511108E-16
8115.62500000001  1.377588012199340E-16
8118.75000000001  1.352354117423495E-16
8121.87500000001  1.328263449992932E-16
8125.00000000001  1.307879078888916E-16
8128.12500000001  1.297815218877984E-16
8131.25000000001  1.305070470909699E-16
8134.37500000001  1.315126652271353E-16
8137.50000000001  1.312195949390737E-16
8140.62500000001  1.313254600001827E-16
8143.75000000001  1.316120514548869E-16
8146.87500000001  1.309786653614552E-16
8150.00000000001  1.304789296178118E-16
8153.12500000001  1.312659755510126E-16
8156.25000000001  1.316695920679844E-16
8159.37500000001  1.313960981917539E-16
8162.50000000001  1.310788174591866E-16
8165.62500000001  1.300554124905599E-16
8168.75000000001  1.281549158121233E-16
8171.87500000001  1.282661347333180E-16
8175.00000000001  1.289440471430205E-16
8178.12500000001  1.275909836556953E-16
8181.25000000001  1.269597343010240E-16
8184.37500000001  1.269734312339462E-16
8187.50000000001  1.268385202940365E-16
8190.62500000001  1.267620807720929E-16
8193.75000000001  1.259278020308980E-16
8196.87500000001  1.246803587429641E-16
8200.00000000001  1.243770396461390E-16
8203.12500000001  1.250841529976669E-16
8206.25000000001  1.250013300021623E-16
8209.37500000001  1.243427266010562E-16
8212.50000000001  1.242813978033976E-16
8215.62500000001  1.246991495418192E-16
8218.75000000001  1.247287408059433E-16
8221.87500000001  1.249603013068224E-16
8225.00000000001  1.254298783679730E-16
8228.12500000001  1.259532027374432E-16
8231.25000000001  1.258672964199209E-16
8234.37500000001  1.242505766147037E-16
8237.50000000001  1.228157096565740E-16
8240.62500000001  1.228995687394388E-16
8243.75000000001  1.229127358509059E-16
8246.87500000001  1.216626134899783E-16
8250.00000000001  1.212063762518937E-16
8253.12500000001  1.215743561144554E-16
8256.25000000001  1.210410062369677E-16
8259.37500000001  1.201126144081902E-16
8262.50000000001  1.210692068235379E-16
8265.62500000001  1.222423129914754E-16
8268.75000000001  1.223526561369482E-16
8271.87500000001  1.231981196892383E-16
8275.00000000001  1.237804904539115E-16
8278.12500000001  1.230963856807256E-16
8281.25000000001  1.226570000284360E-16
8284.37500000001  1.219910461549399E-16
8287.50000000001  1.225463796616505E-16
8290.62500000001  1.227001150116518E-16
8293.75000000001  1.211315314379286E-16
8296.87500000001  1.195413287838541E-16
8300.00000000001  1.190913761776530E-16
8303.12500000001  1.184930421111421E-16
8306.25000000001  1.172700997497781E-16
8309.37500000001  1.165897875205602E-16
8312.50000000001  1.171869739630455E-16
8315.62500000001  1.179676012340053E-16
8318.75000000001  1.175412073455510E-16
8321.87500000001  1.168999634419026E-16
8325.00000000001  1.172288580188864E-16
8328.12500000001  1.169427613248597E-16
8331.25000000001  1.163011367952843E-16
8334.37500000001  1.174239139247628E-16
8337.50000000001  1.170955720821160E-16
8340.62500000001  1.150364184157229E-16
8343.75000000001  1.151994510596262E-16
8346.87500000001  1.166040790029516E-16
8350.00000000001  1.168452698936622E-16
8353.12500000001  1.149834483105004E-16
8356.25000000001  1.144011682806834E-16
8359.37500000001  1.149222720129191E-16
8362.50000000001  1.148345877760513E-16
8365.62500000001  1.142401879566168E-16
8368.75000000001  1.137322045092356E-16
8371.87500000001  1.140398334008619E-16
8375.00000000001  1.140859702125649E-16
8378.12500000001  1.123363924550018E-16
8381.25000000001  1.117457631122719E-16
8384.37500000001  1.127090992397350E-16
8387.50000000001  1.127577836999668E-16
8390.62500000001  1.124431901586826E-16
8393.75000000001  1.116835042216990E-16
8396.87500000001  1.097899676439715E-16
8400.00000000001  1.091723366053219E-16
8403.12500000001  1.120962150751594E-16
8406.25000000001  1.138964969667712E-16
8409.37500000001  1.116113078637226E-16
8412.50000000001  1.099487404305729E-16
8415.62500000001  1.095857862345031E-16
8418.75000000001  1.097763610532674E-16
8421.87500000001  1.099938714013714E-16
8425.00000000001  1.082225215199581E-16
8428.12500000001  1.073261246000045E-16
8431.25000000001  1.080523017757214E-16
8434.37500000001  1.091966852224793E-16
8437.50000000001  1.096151506122486E-16
8440.62500000001  1.097236747095273E-16
8443.75000000001  1.097190430116541E-16
8446.87500000001  1.091345590972540E-16
8450.00000000001  1.080975796197829E-16
8453.12500000001  1.079590974306215E-16
8456.25000000001  1.084848891022168E-16
8459.37500000001  1.076266411710270E-16
8462.50000000001  1.066636009292528E-16
8465.62500000001  1.057128460349376E-16
8468.75000000001  1.049988500324186E-16
8471.87500000001  1.040900918387523E-16
8475.00000000001  1.028845006406673E-16
8478.12500000001  1.025154321320951E-16
8481.25000000001  1.021226576707855E-16
8484.37500000001  1.012641706518677E-16
8487.50000000001  1.005813784413567E-16
8490.62500000001  1.007350938993491E-16
8493.75000000001  1.024924374942614E-16
8496.87500000001  1.044922270340352E-16
8500.00000000001  1.060806576295307E-16
8503.12500000001  1.055553317440859E-16
8506.25000000001  1.047849926474373E-16
8509.37500000001  1.052769621438922E-16
8512.50000000001  1.052434960173684E-16
8515.62500000001  1.053928128844027E-16
8518.75000000001  1.061847050712961E-16
8521.87500000001  1.053994529919908E-16
8525.00000000001  1.044731025026884E-16
8528.12500000001  1.040827226616687E-16
8531.25000000001  1.042227020848041E-16
8534.37500000001  1.046004035121316E-16
8537.50000000001  1.047869548190827E-16
8540.62500000001  1.054070331135136E-16
8543.75000000001  1.045139293852486E-16
8546.87500000001  1.037211807200719E-16
8550.00000000001  1.033623306673578E-16
8553.12500000001  1.032414789725243E-16
8556.25000000001  1.035267961084330E-16
8559.37500000001  1.031635543469801E-16
8562.50000000001  1.026800042289449E-16
8565.62500000001  1.027385412962181E-16
8568.75000000001  1.029722098819951E-16
8571.87500000001  1.028524182458099E-16
8575.00000000001  1.021526716256764E-16
8578.12500000001  1.015945867292298E-16
8581.25000000001  1.016932037161669E-16
8584.37500000001  1.016821698019491E-16
8587.50000000001  1.015891368647891E-16
8590.62500000001  1.019539807713786E-16
8593.75000000001  1.017025053112329E-16
8596.87500000001  1.010140989408542E-16
8600.00000000001  1.006151798868227E-16
8603.12500000001  1.016186275993844E-16
8606.25000000001  1.025960474613921E-16
8609.37500000001  1.018211871415162E-16
8612.50000000001  1.004926448272071E-16
8615.62500000001  1.003863038336408E-16
8618.75000000001  1.007702173681892E-16
8621.87500000001  1.013344118698318E-16
8625.00000000001  1.007022099018927E-16
8628.12500000001  9.945501882557229E-17
8631.25000000001  9.906177449250739E-17
8634.37500000001  9.884478848581014E-17
8637.50000000001  9.889079167027148E-17
8640.62500000001  9.978169137675738E-17
8643.75000000001  1.002898606635317E-16
8646.87500000001  9.969954649610112E-17
8650.00000000001  9.855862523881873E-17
8653.12500000001  9.779522523179224E-17
8656.25000000001  9.771955736860549E-17
8659.37500000001  9.732415615315826E-17
8662.50000000001  9.676112814629689E-17
8665.62500000001  9.719905938531926E-17
8668.75000000001  9.827805904589387E-17
8671.87500000001  9.882606397456026E-17
8675.00000000001  9.891594025837832E-17
8678.12500000001  9.914648601409936E-17
8681.25000000001  9.900276835907838E-17
8684.37500000001  9.764994876770995E-17
8687.50000000001  9.607342986324940E-17
8690.62500000001  9.544887452486944E-17
8693.75000000001  9.520463395035287E-17
8696.87500000001  9.406257819605473E-17
8700.00000000001  9.336479570209997E-17
8703.12500000001  9.300906934349718E-17
8706.25000000001  9.180787618082815E-17
8709.37500000001  9.210913567901478E-17
8712.50000000001  9.302375960553675E-17
8715.62500000001  9.267388956860413E-17
8718.75000000001  9.240502859210803E-17
8721.87500000001  9.269209938915002E-17
8725.00000000001  9.210438193793482E-17
8728.12500000001  9.173259191586957E-17
8731.25000000001  9.169847516279803E-17
8734.37500000001  9.087236549961740E-17
8737.50000000001  9.024574053849237E-17
8740.62500000001  9.037606633341056E-17
8743.75000000001  9.014467537185018E-17
8746.87500000001  8.990856216686518E-17
8750.00000000001  9.035862346341447E-17
8753.12500000001  8.992914216863370E-17
8756.25000000001  8.921002259321577E-17
8759.37500000001  8.972204468361693E-17
8762.50000000001  8.987011603963818E-17
8765.62500000001  8.893352266602070E-17
8768.75000000001  8.855930756267973E-17
8771.87500000001  *****************E-17
8775.00000000001  8.642043594047555E-17
8778.12500000001  8.407540552374936E-17
8781.25000000001  8.498757489210779E-17
8784.37500000001  8.648624314665882E-17
8787.50000000001  8.560095100536459E-17
8790.62500000001  8.517668280054422E-17
8793.75000000001  8.633075714216186E-17
8796.87500000001  8.691040233577894E-17
8800.00000000001  8.581630031238228E-17
8803.12500000001  8.510076596159676E-17
8806.25000000001  8.523387709731233E-17
8809.37500000001  8.527819750075810E-17
8812.50000000001  8.476540613920962E-17
8815.62500000001  8.508357857333963E-17
8818.75000000001  8.550879470722033E-17
8821.87500000001  8.359863069578244E-17
8825.00000000001  8.187060997904771E-17
8828.12500000001  8.180048312519026E-17
8831.25000000001  8.276065972096187E-17
8834.37500000001  8.392356089969833E-17
8837.50000000001  8.483089513328099E-17
8840.62500000001  8.546107862647749E-17
8843.75000000001  8.529640014211643E-17
8846.87500000001  8.462628051512421E-17
8850.00000000001  8.394623401994907E-17
8853.12500000001  8.346721242757897E-17
8856.25000000001  8.381034955879895E-17
8859.37500000001  8.391997252425923E-17
8862.50000000001  8.269140906401378E-17
8865.62500000001  8.154844858897892E-17
8868.75000000001  8.174514416875343E-17
8871.87500000001  8.319569353011804E-17
8875.00000000001  8.436773612599230E-17
8878.12500000001  8.389263727170611E-17
8881.25000000001  8.275921576587951E-17
8884.37500000001  8.208828595260108E-17
8887.50000000001  8.214475187054761E-17
8890.62500000001  8.318672392148162E-17
8893.75000000001  8.407593627266214E-17
8896.87500000001  8.192992010135622E-17
8900.00000000001  8.119896634809508E-17
8903.12500000001  8.226566486247811E-17
8906.25000000001  8.388519794309551E-17
8909.37500000001  8.564430171031416E-17
8912.50000000001  8.511217607348914E-17
8915.62500000001  8.283501622549433E-17
8918.75000000001  8.107152536547570E-17
8921.87500000001  8.178989056963461E-17
8925.00000000001  8.331004435268029E-17
8928.12500000001  8.298049403350159E-17
8931.25000000001  8.313052274538684E-17
8934.37500000001  8.459423290200216E-17
8937.50000000001  8.470302128867684E-17
8940.62500000001  8.293942366022852E-17
8943.75000000001  8.265635732249249E-17
8946.87500000001  8.423774309701158E-17
8950.00000000001  8.492333437996904E-17
8953.12500000001  8.324174458551865E-17
8956.25000000001  8.227934729661695E-17
8959.37500000001  8.333943290902503E-17
8962.50000000001  8.344154157798453E-17
8965.62500000001  8.253948973990040E-17
8968.75000000001  8.240359646706664E-17
8971.87500000001  8.214752703816188E-17
8975.00000000001  8.221195155570416E-17
8978.12500000001  8.204063746786872E-17
8981.25000000001  8.224584361207542E-17
8984.37500000001  8.286303994680645E-17
8987.50000000001  8.310317959659252E-17
8990.62500000001  8.296224257436561E-17
8993.75000000001  8.221808835045719E-17
8996.87500000001  8.174501795122489E-17
9000.00000000001  8.207921519622296E-17
