3344.3232421875  3.275514E-16
3348.38905460617  3.343393E-16
3352.45486702484  3.044632E-16
3356.52067944351  4.075251E-16
3360.58649186218  3.773740E-16
3364.65230428085  3.493221E-16
3368.71811669952  3.909966E-16
3372.78392911819  3.576159E-16
3376.84974153686  3.119504E-16
3380.91555395553  3.232312E-16
3384.9813663742  3.598700E-16
3389.04717879287  3.160607E-16
3393.11299121154  3.701921E-16
3397.17880363021  3.386041E-16
3401.24461604888  3.679632E-16
3405.31042846755  3.723216E-16
3409.37624088622  3.254973E-16
3413.44205330489  3.235907E-16
3417.50786572356  3.214605E-16
3421.57367814223  3.599392E-16
3425.6394905609  3.156050E-16
3429.70530297957  3.203035E-16
3433.77111539823  3.121027E-16
3437.8369278169  3.202078E-16
3441.90274023557  3.529883E-16
3445.96855265424  3.541311E-16
3450.03436507291  3.141822E-16
3454.10017749158  3.301859E-16
3458.16598991025  3.743720E-16
3462.23180232892  3.284348E-16
3466.29761474759  3.361816E-16
3470.36342716626  3.217862E-16
3474.42923958493  3.153971E-16
3478.4950520036  3.578474E-16
3482.56086442227  3.156729E-16
****************  3.311384E-16
3490.69248925961  3.235663E-16
3494.75830167828  3.460856E-16
3498.82411409695  3.220510E-16
3502.88992651562  3.100679E-16
3506.95573893429  3.278062E-16
3511.02155135296  3.442459E-16
3515.08736377163  3.312770E-16
3519.1531761903  3.316722E-16
3523.21898860897  3.308473E-16
3527.28480102764  3.336224E-16
3531.35061344631  3.438221E-16
3535.41642586498  3.338664E-16
3539.48223828365  3.272705E-16
3543.54805070231  3.302640E-16
3547.61386312098  3.086783E-16
3551.67967553965  3.178137E-16
3555.74548795832  3.268832E-16
3559.81130037699  3.140796E-16
3563.87711279566  3.054810E-16
3567.94292521433  3.052325E-16
3572.008737633  3.371220E-16
3576.07455005167  3.099732E-16
3580.14036247034  3.153872E-16
3584.20617488901  3.046979E-16
3588.27198730768  3.112273E-16
3592.33779972635  3.035374E-16
3596.40361214502  2.917440E-16
3600.46942456369  3.091382E-16
3604.53523698236  3.136525E-16
3608.60104940103  3.264384E-16
3612.6668618197  3.151115E-16
3616.73267423837  3.086218E-16
3620.79848665704  2.910949E-16
3624.86429907571  3.063695E-16
3628.93011149438  3.026939E-16
3632.99592391305  3.166165E-16
3637.06173633172  3.165329E-16
3641.12754875039  3.016660E-16
3645.19336116905  3.057040E-16
3649.25917358772  3.202762E-16
3653.32498600639  3.096947E-16
3657.39079842506  3.106696E-16
3661.45661084373  3.109614E-16
3665.5224232624  3.079704E-16
3669.58823568107  3.075895E-16
3673.65404809974  3.226553E-16
3677.71986051841  3.243461E-16
3681.78567293708  3.078746E-16
3685.85148535575  3.059417E-16
3689.91729777442  3.194045E-16
3693.98311019309  3.097973E-16
3698.04892261176  3.033175E-16
3702.11473503043  3.228086E-16
3706.1805474491  3.238259E-16
3710.24635986777  3.114114E-16
3714.31217228644  3.201795E-16
3718.37798470511  3.246570E-16
3722.44379712378  3.075571E-16
3726.50960954245  3.125219E-16
3730.57542196112  3.210390E-16
****************  3.080347E-16
3738.70704679846  3.029106E-16
3742.77285921713  3.127811E-16
3746.8386716358  3.171145E-16
3750.90448405446  2.937497E-16
3754.97029647313  3.027402E-16
3759.0361088918  3.151968E-16
3763.10192131047  3.199972E-16
****************  3.152983E-16
****************  3.238690E-16
3775.29935856648  3.111438E-16
3779.36517098515  3.052642E-16
3783.43098340382  3.085564E-16
3787.49679582249  3.077906E-16
3791.56260824116  3.054727E-16
3795.62842065983  3.049621E-16
3799.6942330785  3.015709E-16
3803.76004549717  3.060848E-16
3807.82585791584  2.976637E-16
3811.89167033451  3.062478E-16
3815.95748275318  3.013400E-16
3820.02329517185  2.967260E-16
3824.08910759052  2.903379E-16
3828.15492000919  2.891888E-16
3832.22073242786  3.067371E-16
3836.28654484653  2.914938E-16
3840.3523572652  2.900057E-16
3844.41816968387  2.929057E-16
3848.48398210253  2.843278E-16
3852.5497945212  2.828095E-16
3856.61560693987  2.833702E-16
3860.68141935854  2.762645E-16
3864.74723177721  2.773397E-16
3868.81304419588  2.818215E-16
3872.87885661455  2.803891E-16
3876.94466903322  2.764104E-16
3881.01048145189  2.715406E-16
3885.07629387056  2.685003E-16
3889.14210628923  2.630152E-16
3893.2079187079  2.664202E-16
3897.27373112657  2.754167E-16
3901.33954354524  2.758845E-16
3905.40535596391  2.717674E-16
3909.47116838258  2.700405E-16
3913.53698080125  2.762155E-16
3917.60279321992  2.751224E-16
3921.66860563859  2.710742E-16
3925.73441805726  2.682080E-16
3929.80023047593  2.667436E-16
3933.8660428946  2.759367E-16
3937.93185531327  2.710516E-16
3941.99766773194  2.820370E-16
3946.06348015061  2.736582E-16
3950.12929256928  2.730039E-16
3954.19510498795  2.747312E-16
3958.26091740662  2.658013E-16
3962.32672982528  2.597975E-16
3966.39254224395  2.688901E-16
3970.45835466262  2.658551E-16
3974.52416708129  2.726105E-16
3978.58997949996  2.662722E-16
3982.65579191863  2.588117E-16
3986.7216043373  2.665614E-16
3990.78741675597  2.698942E-16
3994.85322917464  2.614214E-16
3998.91904159331  2.645310E-16
4002.98485401198  2.596274E-16
****************  2.596229E-16
4011.11647884932  2.746562E-16
4015.18229126799  2.600616E-16
4019.24810368666  2.584040E-16
4023.31391610533  2.580466E-16
4027.379728524  2.648152E-16
****************  2.565066E-16
****************  2.559377E-16
4039.57716578001  2.626572E-16
4043.64297819868  2.623061E-16
4047.70879061735  2.632096E-16
****************  2.565601E-16
4055.84041545469  2.475262E-16
4059.90622787336  2.546196E-16
4063.97204029203  2.548528E-16
4068.0378527107  2.604239E-16
4072.10366512937  2.634994E-16
4076.16947754803  2.597041E-16
4080.2352899667  2.532937E-16
4084.30110238537  2.515210E-16
4088.36691480404  2.549208E-16
4092.43272722271  2.510349E-16
4096.49853964138  2.489213E-16
4100.56435206005  2.395195E-16
4104.63016447872  2.489647E-16
4108.69597689739  2.501775E-16
4112.76178931606  2.429484E-16
4116.82760173473  2.483032E-16
4120.8934141534  2.492286E-16
4124.95922657207  2.465887E-16
4129.02503899074  2.494817E-16
****************  2.452205E-16
4137.15666382808  2.481221E-16
4141.22247624675  2.445935E-16
4145.28828866542  2.388938E-16
4149.35410108409  2.448831E-16
4153.41991350276  2.456412E-16
4157.48572592143  2.510460E-16
4161.5515383401  2.520448E-16
4165.61735075877  2.549044E-16
4169.68316317744  2.461997E-16
4173.74897559611  2.406311E-16
****************  2.391208E-16
****************  2.420860E-16
4185.94641285211  2.448054E-16
4190.01222527078  2.457362E-16
4194.07803768945  2.466422E-16
4198.14385010812  2.385131E-16
4202.20966252679  2.364979E-16
4206.27547494546  2.455755E-16
4210.34128736413  2.516545E-16
4214.4070997828  2.359792E-16
4218.47291220147  2.364200E-16
4222.53872462014  2.435771E-16
4226.60453703881  2.361714E-16
4230.67034945748  2.323516E-16
4234.73616187615  2.306882E-16
4238.80197429482  2.355340E-16
4242.86778671349  2.327481E-16
4246.93359913216  2.235112E-16
4250.99941155083  2.250373E-16
4255.0652239695  2.264404E-16
4259.13103638817  2.270902E-16
4263.19684880684  2.283381E-16
****************  2.268315E-16
4271.32847364418  2.297269E-16
4275.39428606285  2.297413E-16
4279.46009848151  2.178975E-16
4283.52591090018  2.121211E-16
4287.59172331885  2.111421E-16
4291.65753573752  2.208940E-16
4295.72334815619  2.143880E-16
4299.78916057486  2.098514E-16
4303.85497299353  2.093320E-16
4307.9207854122  2.197246E-16
4311.98659783087  2.160420E-16
****************  2.136079E-16
4320.11822266821  2.086136E-16
4324.18403508688  2.119801E-16
****************  2.104248E-16
4332.31565992422  2.059533E-16
4336.38147234289  2.086990E-16
4340.44728476156  2.108275E-16
4344.51309718023  2.045198E-16
4348.5789095989  2.124633E-16
4352.64472201757  2.145293E-16
4356.71053443624  2.145943E-16
****************  2.089872E-16
4364.84215927358  2.049389E-16
4368.90797169225  1.979243E-16
4372.97378411092  2.083105E-16
4377.03959652959  2.106000E-16
4381.10540894825  2.041568E-16
4385.17122136692  2.051271E-16
****************  2.053910E-16
****************  1.956041E-16
4397.36865862293  1.920225E-16
4401.4344710416  1.958859E-16
4405.50028346027  2.060481E-16
4409.56609587894  2.069618E-16
****************  2.020477E-16
4417.69772071628  1.979476E-16
4421.76353313495  1.972658E-16
4425.82934555362  2.038451E-16
4429.89515797229  2.055022E-16
4433.96097039096  2.010857E-16
4438.02678280963  1.947371E-16
4442.0925952283  1.986622E-16
4446.15840764697  1.945037E-16
4450.22422006564  1.952604E-16
4454.29003248431  2.037306E-16
****************  1.977524E-16
****************  2.005846E-16
4466.48746974032  2.000336E-16
4470.55328215899  2.022524E-16
4474.61909457766  1.874585E-16
4478.68490699633  1.839980E-16
4482.750719415  1.944996E-16
4486.81653183366  1.886745E-16
****************  1.993975E-16
4494.948156671  1.987986E-16
4499.01396908967  1.900730E-16
4503.07978150834  1.968631E-16
4507.14559392701  1.918237E-16
4511.21140634568  1.948509E-16
4515.27721876435  1.977521E-16
4519.34303118302  1.920905E-16
4523.40884360169  1.918709E-16
4527.47465602036  1.923059E-16
4531.54046843903  1.932232E-16
4535.6062808577  1.926797E-16
4539.67209327637  1.939908E-16
4543.73790569504  1.877903E-16
****************  1.800301E-16
4551.86953053238  1.862946E-16
4555.93534295105  1.897098E-16
4560.00115536972  1.922963E-16
4564.06696778839  1.865624E-16
4568.13278020706  1.783219E-16
4572.19859262573  1.836750E-16
4576.2644050444  1.851509E-16
4580.33021746307  1.861926E-16
4584.39602988174  1.910405E-16
4588.46184230041  1.826877E-16
4592.52765471908  1.822984E-16
4596.59346713775  1.850332E-16
4600.65927955642  1.828693E-16
4604.72509197508  1.757626E-16
4608.79090439375  1.799228E-16
4612.85671681242  1.778074E-16
4616.92252923109  1.827258E-16
4620.98834164976  1.771461E-16
4625.05415406843  1.778065E-16
4629.1199664871  1.805854E-16
4633.18577890577  1.719809E-16
4637.25159132444  1.752363E-16
****************  1.858976E-16
4645.38321616178  1.770166E-16
4649.44902858045  1.756533E-16
4653.51484099912  1.812988E-16
****************  1.726494E-16
4661.64646583646  1.719284E-16
4665.71227825513  1.698429E-16
4669.7780906738  1.704370E-16
****************  1.672920E-16
4677.90971551114  1.740598E-16
4681.97552792981  1.677383E-16
4686.04134034848  1.664681E-16
4690.10715276715  1.712573E-16
****************  1.697755E-16
4698.23877760449  1.681671E-16
4702.30459002315  1.633352E-16
4706.37040244182  1.656707E-16
4710.43621486049  1.625598E-16
4714.50202727916  1.557464E-16
4718.56783969783  1.623623E-16
4722.6336521165  1.624224E-16
4726.69946453517  1.592284E-16
4730.76527695384  1.637401E-16
4734.83108937251  1.622156E-16
****************  1.638980E-16
4742.96271420985  1.599477E-16
4747.02852662852  1.635475E-16
4751.09433904719  1.578981E-16
4755.16015146586  1.644143E-16
4759.22596388453  1.559915E-16
4763.2917763032  1.611289E-16
4767.35758872187  1.681395E-16
4771.42340114054  1.648743E-16
4775.48921355921  1.661161E-16
4779.55502597788  1.649578E-16
4783.62083839655  1.570308E-16
****************  1.620060E-16
4791.75246323389  1.630901E-16
4795.81827565256  1.700579E-16
4799.88408807123  1.709802E-16
4803.9499004899  1.647790E-16
****************  1.627468E-16
****************  1.687513E-16
4816.14733774591  1.723585E-16
4820.21315016458  1.709495E-16
4824.27896258324  1.704516E-16
4828.34477500191  1.678546E-16
4832.41058742058  1.683191E-16
4836.47639983925  1.602316E-16
****************  1.574440E-16
4844.60802467659  1.590336E-16
4848.67383709526  1.622028E-16
****************  1.661437E-16
4856.8054619326  1.652207E-16
4860.87127435127  1.532845E-16
****************  1.619885E-16
4869.00289918861  1.674832E-16
4873.06871160728  1.606592E-16
4877.13452402595  1.589471E-16
4881.20033644462  1.545917E-16
4885.26614886329  1.566482E-16
****************  1.538422E-16
4893.39777370063  1.530684E-16
4897.4635861193  1.553676E-16
4901.52939853797  1.551620E-16
4905.59521095664  1.551829E-16
****************  1.592075E-16
4913.72683579398  1.672774E-16
4917.79264821265  1.692905E-16
4921.85846063132  1.624663E-16
4925.92427304998  1.617295E-16
4929.99008546865  1.639797E-16
4934.05589788732  1.656404E-16
4938.12171030599  1.579632E-16
4942.18752272466  1.589781E-16
4946.25333514333  1.635845E-16
4950.319147562  1.659700E-16
4954.38495998067  1.664387E-16
4958.45077239934  1.636557E-16
4962.51658481801  1.580338E-16
4966.58239723668  1.556101E-16
4970.64820965535  1.558930E-16
4974.71402207402  1.584106E-16
4978.77983449269  1.670958E-16
****************  1.668466E-16
****************  1.569939E-16
4990.9772717487  1.570514E-16
4995.04308416737  1.618048E-16
4999.10889658604  1.565889E-16
5003.17470900471  1.506123E-16
5007.24052142338  1.481864E-16
5011.30633384205  1.469830E-16
5015.37214626072  1.570087E-16
5019.43795867939  1.603484E-16
5023.50377109805  1.573370E-16
5027.56958351672  1.587646E-16
5031.63539593539  1.568908E-16
5035.70120835406  1.578387E-16
5039.76702077273  1.558435E-16
5043.8328331914  1.526320E-16
5047.89864561007  1.453142E-16
5051.96445802874  1.445614E-16
5056.03027044741  1.463878E-16
5060.09608286608  1.556041E-16
5064.16189528475  1.644636E-16
5068.22770770342  1.533000E-16
5072.29352012209  1.493660E-16
5076.35933254076  1.481369E-16
5080.42514495943  1.538675E-16
5084.4909573781  1.537623E-16
5088.55676979677  1.551711E-16
5092.62258221544  1.570824E-16
5096.68839463411  1.475193E-16
5100.75420705278  1.476739E-16
5104.82001947145  1.455813E-16
5108.88583189012  1.454824E-16
5112.95164430879  1.451341E-16
5117.01745672746  1.486772E-16
5121.08326914613  1.514524E-16
5125.1490815648  1.498103E-16
5129.21489398347  1.493128E-16
5133.28070640214  1.485232E-16
5137.34651882081  1.452077E-16
5141.41233123948  1.460802E-16
5145.47814365815  1.462523E-16
5149.54395607681  1.469917E-16
5153.60976849548  1.478435E-16
5157.67558091415  1.461425E-16
5161.74139333282  1.531194E-16
5165.80720575149  1.516897E-16
5169.87301817016  1.442910E-16
5173.93883058883  1.470108E-16
5178.0046430075  1.483457E-16
5182.07045542617  1.466434E-16
5186.13626784484  1.472948E-16
5190.20208026351  1.507391E-16
5194.26789268218  1.488141E-16
5198.33370510085  1.431846E-16
5202.39951751952  1.410878E-16
5206.46532993819  1.433185E-16
5210.53114235686  1.431228E-16
5214.59695477553  1.436851E-16
5218.6627671942  1.430865E-16
5222.72857961286  1.474577E-16
5226.79439203154  1.467690E-16
5230.86020445021  1.355907E-16
5234.92601686887  1.376070E-16
5238.99182928755  1.418964E-16
5243.05764170621  1.371899E-16
5247.12345412488  1.362702E-16
5251.18926654355  1.386998E-16
5255.25507896222  1.397494E-16
5259.32089138089  1.376263E-16
5263.38670379956  1.347799E-16
5267.45251621823  1.378743E-16
5271.5183286369  1.409579E-16
5275.58414105557  1.390359E-16
5279.64995347424  1.401409E-16
5283.71576589291  1.387225E-16
5287.78157831158  1.352750E-16
5291.84739073025  1.399381E-16
5295.91320314892  1.358158E-16
5299.97901556759  1.337145E-16
5304.04482798626  1.388856E-16
5308.11064040493  1.463008E-16
5312.1764528236  1.448045E-16
5316.24226524227  1.415100E-16
5320.30807766094  1.440912E-16
5324.37389007961  1.398467E-16
5328.43970249828  1.429035E-16
5332.50551491695  1.382623E-16
5336.57132733562  1.414817E-16
5340.63713975428  1.424202E-16
5344.70295217295  1.426643E-16
5348.76876459162  1.430451E-16
5352.83457701029  1.370101E-16
5356.90038942896  1.377017E-16
5360.96620184763  1.379479E-16
5365.0320142663  1.379840E-16
5369.09782668497  1.395642E-16
5373.16363910364  1.405932E-16
5377.22945152231  1.418111E-16
5381.29526394098  1.434091E-16
5385.36107635965  1.425943E-16
5389.42688877832  1.362047E-16
5393.49270119699  1.340436E-16
5397.55851361566  1.368706E-16
5401.62432603433  1.424017E-16
5405.690138453  1.360435E-16
5409.75595087167  1.359718E-16
5413.82176329034  1.336712E-16
5417.88757570901  1.417923E-16
5421.95338812768  1.386538E-16
5426.01920054635  1.430104E-16
5430.08501296502  1.400705E-16
5434.15082538369  1.377057E-16
5438.21663780236  1.405890E-16
5442.28245022103  1.389222E-16
5446.34826263969  1.365169E-16
5450.41407505836  1.362481E-16
5454.47988747703  1.356969E-16
5458.5456998957  1.403813E-16
5462.61151231437  1.379193E-16
5466.67732473304  1.322536E-16
5470.74313715171  1.390908E-16
5474.80894957038  1.441980E-16
5478.87476198905  1.415630E-16
5482.94057440772  1.361349E-16
5487.00638682639  1.327009E-16
5491.07219924506  1.330048E-16
5495.13801166373  1.414363E-16
5499.2038240824  1.410727E-16
5503.26963650107  1.354359E-16
5507.33544891974  1.427358E-16
5511.40126133841  1.371095E-16
5515.46707375708  1.417101E-16
5519.53288617575  1.435582E-16
5523.59869859442  1.449095E-16
5527.66451101309  1.457804E-16
5531.73032343176  1.444645E-16
5535.79613585043  1.388843E-16
5539.8619482691  1.409024E-16
5543.92776068777  1.443797E-16
5547.99357310644  1.436542E-16
5552.05938552511  1.448820E-16
5556.12519794378  1.434024E-16
5560.19101036244  1.423333E-16
5564.25682278111  1.421118E-16
5568.32263519978  1.496861E-16
5572.38844761845  1.266128E-16
5576.45426003712  1.300875E-16
5580.52007245579  1.403004E-16
5584.58588487446  1.331936E-16
5588.65169729313  1.323382E-16
5592.7175097118  1.311575E-16
5596.78332213047  1.390835E-16
5600.84913454914  1.471992E-16
5604.91494696781  1.385521E-16
5608.98075938648  1.404944E-16
5613.04657180515  1.409270E-16
5617.11238422382  1.388899E-16
5621.17819664249  1.442876E-16
5625.24400906116  1.463587E-16
5629.30982147983  1.399387E-16
5633.3756338985  1.328375E-16
5637.44144631717  1.365371E-16
5641.50725873584  1.385105E-16
5645.57307115451  1.403884E-16
5649.63888357318  1.385283E-16
5653.70469599185  1.397075E-16
5657.77050841052  1.327902E-16
5661.83632082919  1.345636E-16
5665.90213324785  1.320997E-16
5669.96794566652  1.426944E-16
5674.03375808519  1.432783E-16
5678.09957050386  1.444969E-16
5682.16538292253  1.432741E-16
5686.2311953412  1.376482E-16
5690.29700775987  1.401858E-16
5694.36282017854  1.420523E-16
5698.42863259721  1.357242E-16
5702.49444501588  1.336766E-16
5706.56025743455  1.367735E-16
5710.62606985322  1.294798E-16
5714.69188227189  1.271830E-16
5718.75769469056  1.307504E-16
5722.82350710923  1.279689E-16
5726.8893195279  1.296474E-16
5730.95513194657  1.361900E-16
5735.02094436524  1.365589E-16
5739.08675678391  1.369748E-16
5743.15256920258  1.384469E-16
5747.21838162125  1.247861E-16
5751.28419403992  1.244492E-16
5755.35000645859  1.329220E-16
5759.41581887726  1.325981E-16
5763.48163129592  1.294395E-16
5767.5474437146  1.276412E-16
5771.61325613326  1.353748E-16
5775.67906855193  1.338906E-16
5779.7448809706  1.311004E-16
5783.81069338927  1.327545E-16
5787.87650580794  1.250762E-16
5791.94231822661  1.244061E-16
5796.00813064528  1.268951E-16
5800.07394306395  1.255622E-16
5804.13975548262  1.259178E-16
5808.20556790129  1.277855E-16
5812.27138031996  1.367967E-16
5816.33719273863  1.376711E-16
5820.4030051573  1.347302E-16
5824.46881757597  1.316647E-16
5828.53462999464  1.358492E-16
5832.60044241331  1.305223E-16
5836.66625483198  1.206301E-16
5840.73206725065  1.291263E-16
5844.79787966932  1.335272E-16
5848.86369208799  1.361718E-16
5852.92950450666  1.412666E-16
5856.99531692533  1.309154E-16
5861.061129344  1.236392E-16
5865.12694176266  1.313239E-16
5869.19275418133  1.377397E-16
5873.25856660001  1.304539E-16
5877.32437901867  1.226546E-16
5881.39019143734  1.282785E-16
5885.45600385601  1.300687E-16
5889.52181627468  1.277230E-16
5893.58762869335  1.242117E-16
5897.65344111202  1.251399E-16
5901.71925353069  1.322019E-16
5905.78506594936  1.299810E-16
5909.85087836803  1.263625E-16
5913.9166907867  1.251911E-16
5917.98250320537  1.237160E-16
5922.04831562404  1.231926E-16
5926.11412804271  1.274374E-16
5930.17994046138  1.258284E-16
5934.24575288005  1.251887E-16
5938.31156529872  1.245717E-16
5942.37737771739  1.278987E-16
5946.44319013606  1.319351E-16
5950.50900255473  1.253327E-16
5954.5748149734  1.181022E-16
5958.64062739207  1.215768E-16
5962.70643981074  1.198645E-16
5966.77225222941  1.177200E-16
5970.83806464808  1.284705E-16
5974.90387706675  1.208606E-16
5978.96968948541  1.136463E-16
5983.03550190408  1.194491E-16
5987.10131432275  1.184971E-16
5991.16712674142  1.150624E-16
5995.23293916009  1.156198E-16
5999.29875157876  1.156014E-16
6003.36456399743  1.173137E-16
6007.4303764161  1.174309E-16
6011.49618883477  1.138982E-16
6015.56200125344  1.130951E-16
6019.62781367211  1.143978E-16
6023.69362609078  1.151078E-16
6027.75943850945  1.157663E-16
6031.82525092812  1.170182E-16
6035.89106334679  1.176726E-16
6039.95687576546  1.188299E-16
6044.02268818413  1.170604E-16
6048.0885006028  1.187544E-16
6052.15431302147  1.139176E-16
6056.22012544014  1.109965E-16
6060.28593785881  1.112772E-16
6064.35175027748  1.115069E-16
6068.41756269615  1.097416E-16
6072.48337511482  1.121619E-16
6076.54918753349  1.143518E-16
6080.61499995216  1.170447E-16
6084.68081237082  1.168678E-16
6088.74662478949  1.143078E-16
6092.81243720816  1.130415E-16
6096.87824962683  1.169335E-16
6100.9440620455  1.122536E-16
6105.00987446417  1.137203E-16
6109.07568688284  1.144346E-16
6113.14149930151  1.133635E-16
6117.20731172018  1.109391E-16
6121.27312413885  1.128508E-16
6125.33893655752  1.154206E-16
6129.40474897619  1.156440E-16
6133.47056139486  1.138352E-16
6137.53637381353  1.106601E-16
6141.6021862322  1.103068E-16
6145.66799865087  1.105298E-16
6149.73381106954  1.142462E-16
6153.79962348821  1.116814E-16
6157.86543590688  1.098415E-16
6161.93124832555  1.107694E-16
6165.99706074422  1.099564E-16
6170.06287316289  1.120542E-16
6174.12868558156  1.117355E-16
6178.19449800023  1.116055E-16
6182.26031041889  1.138034E-16
6186.32612283757  1.140529E-16
6190.39193525623  1.112564E-16
6194.4577476749  1.109193E-16
6198.52356009358  1.123776E-16
6202.58937251224  1.091721E-16
6206.65518493091  1.100323E-16
6210.72099734958  1.094456E-16
6214.78680976825  1.077620E-16
6218.85262218692  1.131591E-16
6222.91843460559  1.144467E-16
6226.98424702426  1.126967E-16
6231.05005944293  1.147850E-16
6235.1158718616  1.121669E-16
6239.18168428027  1.130700E-16
6243.24749669894  1.103852E-16
6247.31330911761  1.031414E-16
6251.37912153628  1.068801E-16
6255.44493395495  1.139116E-16
6259.51074637362  1.094353E-16
6263.57655879229  1.082949E-16
6267.64237121096  1.099268E-16
6271.70818362963  1.079750E-16
6275.7739960483  1.072179E-16
6279.83980846697  1.105548E-16
6283.90562088564  1.119273E-16
6287.97143330431  1.099099E-16
6292.03724572298  1.093377E-16
6296.10305814165  1.071821E-16
6300.16887056032  1.101811E-16
6304.23468297898  1.131076E-16
6308.30049539765  1.095719E-16
6312.36630781632  1.065774E-16
6316.43212023499  1.076983E-16
6320.49793265366  1.084319E-16
6324.56374507233  1.101050E-16
6328.629557491  1.134992E-16
6332.69536990967  1.143772E-16
6336.76118232834  1.116603E-16
6340.82699474701  1.104164E-16
6344.89280716568  1.105842E-16
6348.95861958435  1.085551E-16
6353.02443200302  1.083077E-16
6357.09024442169  1.092775E-16
6361.15605684036  1.092528E-16
6365.22186925903  1.071285E-16
6369.2876816777  1.057133E-16
6373.35349409637  1.038493E-16
6377.41930651504  1.053257E-16
6381.48511893371  1.069919E-16
6385.55093135238  1.112438E-16
6389.61674377105  1.097804E-16
6393.68255618972  1.071110E-16
6397.74836860839  1.082447E-16
6401.81418102705  1.083247E-16
6405.87999344572  1.114162E-16
6409.94580586439  1.118034E-16
6414.01161828306  1.106979E-16
6418.07743070173  1.130328E-16
6422.1432431204  1.136924E-16
6426.20905553907  1.136409E-16
6430.27486795774  1.193498E-16
6434.34068037641  1.172079E-16
6438.40649279508  1.132850E-16
6442.47230521375  1.146069E-16
6446.53811763242  1.128077E-16
6450.60393005109  1.112414E-16
6454.66974246976  1.111845E-16
6458.73555488843  1.152645E-16
6462.8013673071  1.178727E-16
6466.86717972577  1.147663E-16
6470.93299214444  1.151371E-16
6474.99880456311  1.195944E-16
6479.06461698178  1.165742E-16
6483.13042940045  1.110371E-16
6487.19624181912  1.107446E-16
6491.26205423779  1.144362E-16
6495.32786665646  1.177459E-16
6499.39367907513  1.172382E-16
6503.4594914938  1.155448E-16
6507.52530391247  1.154772E-16
6511.59111633114  1.172501E-16
6515.65692874981  1.175377E-16
6519.72274116848  1.170073E-16
6523.78855358714  1.148513E-16
6527.85436600581  1.166368E-16
6531.92017842448  1.215691E-16
6535.98599084315  1.188125E-16
6540.05180326182  1.171692E-16
6544.11761568049  1.161805E-16
6548.18342809916  1.150306E-16
6552.24924051783  1.151694E-16
6556.3150529365  1.150092E-16
6560.38086535517  1.124975E-16
6564.44667777384  1.135967E-16
6568.51249019251  1.165740E-16
6572.57830261118  1.140837E-16
6576.64411502985  1.139430E-16
6580.70992744852  1.188123E-16
6584.77573986719  1.195762E-16
6588.84155228586  1.169419E-16
6592.90736470453  1.123254E-16
6596.9731771232  1.168095E-16
6601.03898954187  1.117320E-16
6605.10480196054  1.104351E-16
6609.17061437921  1.143190E-16
6613.23642679787  1.120702E-16
6617.30223921655  1.121107E-16
6621.36805163521  1.146573E-16
6625.43386405388  1.132918E-16
6629.49967647255  1.118504E-16
6633.56548889122  1.098292E-16
6637.63130130989  1.082002E-16
6641.69711372856  1.082284E-16
6645.76292614723  1.056708E-16
6649.8287385659  9.912621E-17
6653.89455098457  1.038956E-16
6657.96036340324  1.087816E-16
6662.02617582191  1.104955E-16
6666.09198824058  1.105432E-16
6670.15780065925  1.056255E-16
6674.22361307792  1.095386E-16
6678.28942549659  1.100157E-16
6682.35523791526  1.071284E-16
6686.42105033393  1.112097E-16
6690.4868627526  1.143976E-16
6694.55267517127  1.102221E-16
6698.61848758994  1.077928E-16
6702.68430000861  1.049343E-16
6706.75011242728  1.076568E-16
6710.81592484594  1.086814E-16
6714.88173726462  1.071473E-16
6718.94754968328  1.064924E-16
6723.01336210195  1.046852E-16
6727.07917452063  1.053523E-16
6731.14498693929  1.064128E-16
6735.21079935796  1.068012E-16
6739.27661177663  1.094357E-16
6743.3424241953  1.081003E-16
6747.40823661397  1.064501E-16
6751.47404903264  1.038025E-16
6755.53986145131  1.041835E-16
6759.60567386998  1.077448E-16
6763.67148628865  1.082205E-16
6767.73729870732  1.061556E-16
6771.80311112599  1.055820E-16
6775.86892354466  1.045134E-16
6779.93473596333  1.012837E-16
6784.000548382  1.027287E-16
6788.06636080067  1.033793E-16
6792.13217321934  1.024727E-16
6796.19798563801  1.032227E-16
6800.26379805668  1.005356E-16
6804.32961047535  1.030112E-16
6808.39542289402  1.040959E-16
6812.46123531269  1.045510E-16
6816.52704773136  1.026711E-16
6820.59286015002  1.080544E-16
6824.65867256869  1.043128E-16
6828.72448498736  1.040527E-16
6832.79029740603  1.034210E-16
6836.8561098247  1.013375E-16
6840.92192224337  1.016770E-16
6844.98773466204  9.992757E-17
6849.05354708071  1.009515E-16
6853.11935949938  1.037578E-16
6857.18517191805  1.019363E-16
6861.25098433672  1.014590E-16
6865.31679675539  9.386867E-17
6869.38260917406  8.966808E-17
6873.44842159273  9.631793E-17
6877.5142340114  1.010155E-16
6881.58004643007  9.799345E-17
6885.64585884874  9.735897E-17
6889.71167126741  9.686617E-17
6893.77748368608  9.583034E-17
6897.84329610475  9.972386E-17
6901.90910852342  1.014366E-16
6905.97492094209  1.036190E-16
6910.04073336076  1.021179E-16
6914.10654577943  9.865219E-17
6918.1723581981  9.961382E-17
6922.23817061677  9.997268E-17
6926.30398303544  9.969640E-17
6930.3697954541  9.824259E-17
6934.43560787278  9.588987E-17
6938.50142029144  9.981266E-17
6942.56723271011  1.030125E-16
6946.63304512878  9.986112E-17
6950.69885754745  9.511183E-17
6954.76466996612  9.744480E-17
6958.83048238479  1.011763E-16
6962.89629480346  1.015593E-16
6966.96210722213  1.005080E-16
6971.0279196408  9.834087E-17
6975.09373205947  9.941355E-17
6979.15954447814  9.720966E-17
6983.22535689681  9.722085E-17
6987.29116931548  1.007805E-16
6991.35698173415  9.796864E-17
6995.42279415282  1.009480E-16
6999.48860657149  9.960949E-17
7003.55441899016  9.522626E-17
7007.62023140883  9.467085E-17
7011.6860438275  9.886011E-17
7015.75185624617  1.016763E-16
7019.81766866484  9.588703E-17
7023.88348108351  9.329339E-17
7027.94929350218  9.908381E-17
7032.01510592084  1.008630E-16
7036.08091833952  9.562977E-17
7040.14673075818  9.605622E-17
7044.21254317685  1.017181E-16
7048.27835559552  1.016591E-16
7052.34416801419  9.873741E-17
7056.40998043286  9.872230E-17
7060.47579285153  1.024580E-16
7064.5416052702  1.035043E-16
7068.60741768887  1.012296E-16
7072.67323010754  9.816714E-17
7076.73904252621  9.508182E-17
7080.80485494488  9.481528E-17
7084.87066736355  9.034504E-17
7088.93647978222  9.636174E-17
7093.00229220089  9.702050E-17
7097.06810461956  9.871718E-17
7101.13391703823  1.007451E-16
7105.1997294569  1.005693E-16
7109.26554187557  1.002319E-16
7113.33135429424  9.913655E-17
7117.39716671291  1.013705E-16
7121.46297913158  9.903729E-17
7125.52879155025  9.874019E-17
7129.59460396891  1.015904E-16
7133.66041638759  1.026901E-16
7137.72622880626  1.032603E-16
7141.79204122492  1.021816E-16
7145.8578536436  9.782058E-17
7149.92366606226  9.628209E-17
7153.98947848093  9.768692E-17
7158.0552908996  9.397044E-17
7162.12110331827  9.155048E-17
7166.18691573694  9.170568E-17
7170.25272815561  9.436157E-17
7174.31854057428  9.445663E-17
7178.38435299295  9.389182E-17
7182.45016541162  9.463491E-17
7186.51597783029  9.423948E-17
7190.58179024896  9.091070E-17
7194.64760266763  9.512752E-17
7198.7134150863  9.420180E-17
7202.77922750497  9.040605E-17
7206.84503992364  9.154597E-17
7210.91085234231  9.698634E-17
7214.97666476098  9.595039E-17
7219.04247717965  9.314216E-17
7223.10828959832  9.032200E-17
7227.17410201699  9.292947E-17
7231.23991443566  9.648009E-17
7235.30572685433  9.070237E-17
7239.37153927299  8.963558E-17
7243.43735169167  8.940502E-17
7247.50316411033  8.759733E-17
7251.568976529  7.839968E-17
7255.63478894767  7.933451E-17
7259.70060136634  7.799714E-17
7263.76641378501  7.860044E-17
7267.83222620368  8.108559E-17
7271.89803862235  8.446415E-17
7275.96385104102  8.986804E-17
7280.02966345969  9.021974E-17
7284.09547587836  8.559134E-17
7288.16128829703  8.604918E-17
7292.2271007157  8.841632E-17
7296.29291313437  9.347105E-17
7300.35872555304  1.004928E-16
7304.42453797171  9.642078E-17
7308.49035039038  9.157493E-17
7312.55616280905  9.714314E-17
7316.62197522772  9.405253E-17
7320.68778764639  9.577749E-17
7324.75360006506  9.367158E-17
7328.81941248373  8.989901E-17
7332.8852249024  9.648600E-17
7336.95103732107  9.652993E-17
7341.01684973974  9.268768E-17
7345.08266215841  9.095099E-17
7349.14847457708  9.144847E-17
7353.21428699574  9.301774E-17
7357.28009941442  9.076973E-17
7361.34591183308  8.364870E-17
7365.41172425175  8.646136E-17
7369.47753667042  9.320696E-17
7373.54334908909  8.907437E-17
7377.60916150776  8.950830E-17
7381.67497392643  8.713799E-17
7385.7407863451  8.945179E-17
7389.80659876377  9.011529E-17
7393.87241118244  8.593029E-17
7397.93822360111  8.674887E-17
7402.00403601978  8.488265E-17
7406.06984843845  8.394900E-17
7410.13566085712  8.612538E-17
7414.20147327579  9.007743E-17
7418.26728569446  9.242364E-17
7422.33309811313  9.020749E-17
7426.3989105318  8.847855E-17
7430.46472295047  8.789604E-17
7434.53053536914  9.114982E-17
7438.59634778781  8.533140E-17
7442.66216020648  8.349541E-17
7446.72797262515  8.773005E-17
7450.79378504382  8.704402E-17
7454.85959746249  8.670935E-17
7458.92540988116  8.548192E-17
7462.99122229982  8.314591E-17
7467.05703471849  8.693543E-17
7471.12284713716  8.904617E-17
7475.18865955583  8.807285E-17
7479.2544719745  8.857016E-17
7483.32028439317  9.334314E-17
7487.38609681184  9.148728E-17
7491.45190923051  8.491628E-17
7495.51772164918  8.309059E-17
7499.58353406785  8.493886E-17
7503.64934648652  8.789195E-17
7507.71515890519  8.840007E-17
7511.78097132386  7.920250E-17
7515.84678374253  7.572962E-17
7519.9125961612  7.513946E-17
7523.97840857987  8.213360E-17
7528.04422099854  8.566169E-17
7532.11003341721  8.281641E-17
7536.17584583588  8.909055E-17
7540.24165825455  9.422670E-17
7544.30747067322  8.788827E-17
7548.37328309189  8.274893E-17
7552.43909551056  8.425361E-17
7556.50490792923  8.459539E-17
7560.57072034789  8.536231E-17
7564.63653276657  8.577209E-17
7568.70234518524  8.261173E-17
7572.7681576039  8.017933E-17
7576.83397002257  7.720296E-17
7580.89978244125  7.734037E-17
7584.96559485991  8.049111E-17
7589.03140727858  7.623445E-17
7593.09721969725  6.408582E-17
7597.16303211592  5.080155E-17
7601.22884453459  4.719410E-17
7605.29465695326  6.062047E-17
7609.36046937193  8.743751E-17
7613.4262817906  8.939647E-17
7617.49209420927  8.119146E-17
7621.55790662794  7.732995E-17
7625.62371904661  6.669989E-17
7629.68953146528  6.205567E-17
7633.75534388395  7.359505E-17
7637.82115630262  7.968619E-17
7641.88696872129  8.392070E-17
7645.95278113996  8.024910E-17
7650.01859355863  7.720572E-17
7654.0844059773  8.006599E-17
7658.15021839597  7.915839E-17
7662.21603081464  8.478595E-17
7666.28184323331  8.535896E-17
7670.34765565198  8.073670E-17
7674.41346807065  8.036402E-17
7678.47928048931  8.093322E-17
7682.54509290798  7.878725E-17
7686.61090532665  7.561022E-17
7690.67671774532  7.827099E-17
7694.74253016399  8.108203E-17
7698.80834258266  7.707734E-17
7702.87415500133  7.036383E-17
7706.93996742  7.603752E-17
7711.00577983867  7.691591E-17
7715.07159225734  5.520172E-17
7719.13740467601  5.799410E-17
7723.20321709468  7.200688E-17
7727.26902951335  7.967897E-17
7731.33484193202  8.150309E-17
7735.40065435069  8.403506E-17
7739.46646676936  8.842181E-17
7743.53227918803  8.989312E-17
7747.5980916067  7.838037E-17
7751.66390402537  6.547329E-17
7755.72971644404  7.187549E-17
7759.79552886271  8.068425E-17
7763.86134128138  7.208323E-17
7767.92715370005  7.289088E-17
7771.99296611871  7.600901E-17
7776.05877853739  7.083665E-17
7780.12459095605  8.136919E-17
7784.19040337472  9.488908E-17
7788.25621579339  9.102490E-17
7792.32202821206  9.042858E-17
7796.38784063073  9.464206E-17
7800.4536530494  9.007621E-17
7804.51946546807  8.418651E-17
7808.58527788674  8.660468E-17
7812.65109030541  9.708444E-17
7816.71690272408  9.398824E-17
7820.78271514275  8.058992E-17
7824.84852756142  7.912182E-17
7828.91433998009  7.067715E-17
7832.98015239876  7.458265E-17
7837.04596481743  8.308784E-17
7841.1117772361  9.063061E-17
7845.17758965477  1.020060E-16
7849.24340207344  1.031084E-16
7853.30921449211  8.658931E-17
7857.37502691078  8.222937E-17
7861.44083932945  8.065754E-17
7865.50665174812  8.303478E-17
7869.57246416679  8.372256E-17
7873.63827658546  7.887364E-17
7877.70408900413  8.498874E-17
7881.7699014228  8.898116E-17
7885.83571384147  8.748430E-17
7889.90152626014  9.014250E-17
7893.9673386788  9.260411E-17
7898.03315109748  9.427237E-17
7902.09896351614  9.580092E-17
7906.16477593481  9.998315E-17
7910.23058835348  9.623799E-17
7914.29640077215  9.384019E-17
7918.36221319082  9.443050E-17
7922.42802560949  8.675646E-17
7926.49383802816  8.256804E-17
7930.55965044683  8.009561E-17
7934.6254628655  8.114770E-17
7938.69127528417  8.384456E-17
7942.75708770284  8.248255E-17
7946.82290012151  8.443829E-17
7950.88871254018  8.477521E-17
7954.95452495885  8.403074E-17
7959.02033737752  7.611096E-17
7963.08614979619  7.586848E-17
7967.15196221486  7.727559E-17
7971.21777463353  7.955754E-17
7975.2835870522  8.440083E-17
7979.34939947087  8.334472E-17
7983.41521188953  7.254489E-17
7987.48102430821  6.747448E-17
7991.54683672687  7.532839E-17
7995.61264914554  8.138956E-17
7999.67846156421  8.442839E-17
8003.74427398288  8.825788E-17
8007.81008640155  8.867411E-17
8011.87589882022  8.340385E-17
8015.94171123889  8.218331E-17
8020.00752365756  8.561965E-17
8024.07333607623  8.688861E-17
8028.1391484949  9.249090E-17
8032.20496091357  9.415448E-17
8036.27077333224  8.764759E-17
8040.33658575091  8.734360E-17
8044.40239816958  9.112596E-17
8048.46821058825  8.987319E-17
8052.53402300692  8.883317E-17
8056.59983542559  9.145171E-17
8060.66564784426  8.840169E-17
8064.73146026293  8.925131E-17
8068.7972726816  9.107329E-17
8072.86308510027  9.367526E-17
8076.92889751894  9.405921E-17
8080.99470993761  8.458545E-17
8085.06052235628  8.386014E-17
8089.12633477494  8.642784E-17
8093.19214719362  8.171625E-17
8097.25795961228  7.595691E-17
8101.32377203095  8.156404E-17
8105.38958444962  8.538672E-17
8109.45539686829  8.401626E-17
8113.52120928696  8.009817E-17
8117.58702170563  7.973868E-17
8121.6528341243  8.495798E-17
8125.71864654297  8.554629E-17
8129.78445896164  8.402114E-17
8133.85027138031  8.215154E-17
8137.91608379898  8.180406E-17
8141.98189621765  7.575973E-17
8146.04770863632  7.185338E-17
8150.11352105499  7.715549E-17
8154.17933347366  7.958819E-17
8158.24514589233  7.914231E-17
8162.310958311  8.200092E-17
8166.37677072967  8.399077E-17
8170.44258314834  8.250925E-17
8174.50839556701  8.090043E-17
8178.57420798568  7.744412E-17
8182.64002040435  7.755976E-17
8186.70583282302  8.253044E-17
8190.77164524169  8.134643E-17
8194.83745766035  8.367786E-17
8198.90327007903  7.839205E-17
8202.96908249769  7.955277E-17
8207.03489491636  8.110326E-17
8211.10070733503  7.893950E-17
8215.1665197537  7.043487E-17
8219.23233217237  6.912459E-17
8223.29814459104  6.888062E-17
8227.36395700971  7.027508E-17
8231.42976942838  7.753972E-17
8235.49558184705  7.511533E-17
8239.56139426572  7.547339E-17
8243.62720668439  7.588734E-17
8247.69301910306  7.170847E-17
8251.75883152173  6.593512E-17
8255.8246439404  6.735055E-17
8259.89045635907  7.587143E-17
8263.95626877774  7.625778E-17
8268.02208119641  7.050430E-17
8272.08789361508  6.938928E-17
8276.15370603375  6.968726E-17
8280.21951845242  7.344654E-17
8284.28533087109  7.681158E-17
8288.35114328976  7.434757E-17
8292.41695570843  7.891715E-17
8296.4827681271  7.712008E-17
8300.54858054577  6.770267E-17
8304.61439296444  7.340798E-17
8308.6802053831  7.106190E-17
8312.74601780178  6.751709E-17
8316.81183022044  7.026954E-17
8320.87764263911  7.744068E-17
8324.94345505778  7.908675E-17
8329.00926747645  7.581727E-17
8333.07507989512  7.637652E-17
8337.14089231379  8.100287E-17
8341.20670473246  8.475776E-17
8345.27251715113  8.297751E-17
8349.3383295698  7.830426E-17
8353.40414198847  7.120383E-17
8357.46995440714  7.240468E-17
8361.53576682581  7.615371E-17
8365.60157924448  7.115055E-17
8369.66739166315  7.059316E-17
8373.73320408182  7.082641E-17
8377.79901650049  7.187352E-17
8381.86482891916  7.682108E-17
8385.93064133783  6.761082E-17
8389.9964537565  6.415162E-17
8394.06226617517  7.412309E-17
8398.12807859384  7.183798E-17
8402.19389101251  7.020407E-17
8406.25970343118  7.108512E-17
8410.32551584985  7.299838E-17
8414.39132826851  8.358968E-17
8418.45714068718  7.899589E-17
8422.52295310585  6.799777E-17
8426.58876552452  7.179854E-17
8430.65457794319  7.982896E-17
8434.72039036186  7.311602E-17
8438.78620278053  6.299232E-17
8442.8520151992  6.342699E-17
8446.91782761787  6.808551E-17
8450.98364003654  7.153939E-17
8455.04945245521  7.498664E-17
8459.11526487388  6.793456E-17
8463.18107729255  6.880502E-17
8467.24688971122  7.495632E-17
8471.31270212989  7.396834E-17
8475.37851454856  7.188720E-17
8479.44432696723  7.397954E-17
8483.5101393859  7.273150E-17
8487.57595180457  6.275245E-17
8491.64176422324  6.050718E-17
8495.70757664191  7.110674E-17
8499.77338906058  7.944654E-17
8503.83920147925  7.407541E-17
8507.90501389792  7.145928E-17
8511.97082631659  7.573075E-17
8516.03663873525  7.217693E-17
8520.10245115392  7.155403E-17
8524.16826357259  7.693722E-17
8528.23407599126  8.016127E-17
8532.29988840993  8.003000E-17
8536.3657008286  7.394023E-17
8540.43151324727  7.253624E-17
8544.49732566594  7.742059E-17
8548.56313808461  7.927284E-17
8552.62895050328  7.989538E-17
8556.69476292195  8.024952E-17
8560.76057534062  8.051932E-17
8564.82638775929  8.100527E-17
8568.89220017796  7.261578E-17
8572.95801259663  6.502366E-17
8577.0238250153  7.534958E-17
8581.08963743397  7.577758E-17
8585.15544985264  6.922753E-17
8589.22126227131  7.075005E-17
8593.28707468998  6.920791E-17
8597.35288710865  7.074041E-17
8601.41869952732  7.411992E-17
8605.48451194599  8.020792E-17
8609.55032436466  8.182319E-17
8613.61613678332  7.963408E-17
8617.68194920199  8.123429E-17
8621.74776162066  7.476118E-17
8625.81357403933  7.214319E-17
8629.879386458  8.939857E-17
8633.94519887667  9.505874E-17
8638.01101129534  7.969411E-17
8642.07682371401  7.094000E-17
8646.14263613268  7.164614E-17
8650.20844855135  7.581957E-17
8654.27426097002  7.426300E-17
8658.34007338869  6.753324E-17
8662.40588580736  7.326009E-17
8666.47169822603  7.609094E-17
8670.5375106447  7.245228E-17
8674.60332306337  7.596776E-17
8678.66913548204  7.819620E-17
8682.73494790071  7.444404E-17
8686.80076031938  6.681725E-17
8690.86657273805  6.579569E-17
8694.93238515672  6.362951E-17
8698.99819757539  6.581569E-17
8703.06400999406  5.937054E-17
8707.12982241273  6.613510E-17
8711.19563483139  7.405057E-17
8715.26144725007  7.237697E-17
8719.32725966873  7.144866E-17
8723.3930720874  6.647524E-17
8727.45888450607  6.940136E-17
8731.52469692474  7.270884E-17
8735.59050934341  6.974657E-17
8739.65632176208  6.866901E-17
8743.72213418075  6.293365E-17
8747.78794659942  5.805034E-17
8751.85375901809  5.203278E-17
8755.91957143676  4.049279E-17
8759.98538385543  4.847724E-17
8764.0511962741  7.543917E-17
8768.11700869277  8.714835E-17
8772.18282111144  6.870317E-17
8776.24863353011  4.766559E-17
8780.31444594878  3.566476E-17
8784.38025836745  4.173579E-17
8788.44607078612  5.001590E-17
8792.51188320479  5.733528E-17
8796.57769562346  6.476269E-17
8800.64350804213  6.071467E-17
8804.7093204608  5.992679E-17
8808.77513287947  6.648357E-17
8812.84094529814  6.499957E-17
8816.90675771681  6.678065E-17
8820.97257013548  6.256060E-17
8825.03838255414  3.802430E-17
8829.10419497282  1.960354E-17
8833.17000739148  1.601516E-17
8837.23581981015  3.229957E-17
8841.30163222882  5.435376E-17
8845.36744464749  6.244385E-17
8849.43325706616  6.955259E-17
8853.49906948483  7.559227E-17
8857.5648819035  6.887190E-17
8861.63069432217  5.857134E-17
8865.69650674084  5.219016E-17
8869.76231915951  5.335123E-17
8873.82813157818  8.861865E-17
8877.89394399685  1.196862E-16
8881.95975641552  9.062359E-17
8886.02556883419  6.694576E-17
8890.09138125286  5.733379E-17
8894.15719367153  4.220452E-17
8898.2230060902  5.669410E-17
8902.28881850887  8.823341E-17
8906.35463092754  8.265911E-17
8910.42044334621  4.020861E-17
8914.48625576488  3.107599E-17
8918.55206818355  4.520428E-17
8922.61788060222  2.726235E-17
8926.68369302089  3.323545E-17
8930.74950543956  5.902946E-17
8934.81531785823  6.821258E-17
8938.8811302769  6.732940E-17
8942.94694269557  6.796743E-17
8947.01275511423  5.089498E-17
8951.0785675329  3.607317E-17
8955.14437995157  5.554934E-17
8959.21019237024  7.718486E-17
8963.27600478891  8.212052E-17
8967.34181720758  7.193289E-17
8971.40762962625  6.642007E-17
8975.47344204492  6.491612E-17
8979.53925446359  6.053958E-17
8983.60506688226  6.269485E-17
8987.67087930093  6.529939E-17
8991.7366917196  7.089735E-17
8995.80250413827  7.170887E-17
8999.86831655694  6.501711E-17
9003.93412897561  7.107870E-17
9007.99994139428  7.014725E-17
9012.06575381295  6.639914E-17
9016.13156623162  6.374589E-17
9020.19737865029  7.007913E-17
9024.26319106896  6.549257E-17
9028.32900348763  6.484912E-17
9032.3948159063  6.837861E-17
9036.46062832496  6.926494E-17
9040.52644074364  6.671516E-17
9044.5922531623  6.653766E-17
9048.65806558097  6.784640E-17
9052.72387799965  7.084965E-17
9056.78969041831  6.259491E-17
9060.85550283698  6.086427E-17
9064.92131525565  6.321435E-17
9068.98712767432  6.132319E-17
9073.05294009299  6.436594E-17
9077.11875251166  6.845344E-17
9081.18456493033  7.123530E-17
9085.250377349  6.802033E-17
9089.31618976767  6.196583E-17
9093.38200218634  6.165530E-17
9097.44781460501  5.624464E-17
9101.51362702368  5.470784E-17
9105.57943944235  6.518567E-17
9109.64525186102  6.698873E-17
9113.71106427969  6.092052E-17
9117.77687669836  5.567859E-17
9121.84268911703  5.335708E-17
9125.9085015357  5.980206E-17
9129.97431395437  6.715091E-17
9134.04012637304  6.743132E-17
9138.10593879171  7.212028E-17
9142.17175121038  7.665814E-17
9146.23756362905  6.786430E-17
9150.30337604771  5.859732E-17
9154.36918846639  5.964694E-17
9158.43500088505  6.272262E-17
9162.50081330372  6.262817E-17
9166.56662572239  6.473939E-17
9170.63243814106  6.731468E-17
9174.69825055973  6.648659E-17
9178.7640629784  7.262156E-17
9182.82987539707  7.684014E-17
9186.89568781574  7.016081E-17
9190.96150023441  6.204479E-17
9195.02731265308  6.009517E-17
9199.09312507175  6.064323E-17
9203.15893749042  6.249577E-17
9207.22474990909  6.722129E-17
9211.29056232776  6.878874E-17
9215.35637474643  6.109398E-17
9219.4221871651  5.641337E-17
9223.48799958377  5.941556E-17
9227.55381200244  6.308835E-17
9231.61962442111  6.924515E-17
9235.68543683978  6.948173E-17
9239.75124925845  6.468855E-17
9243.81706167712  6.459454E-17
9247.88287409579  6.556781E-17
9251.94868651446  6.787628E-17
9256.01449893312  6.268031E-17
9260.08031135179  7.142803E-17
9264.14612377046  7.208795E-17
9268.21193618913  6.906613E-17
9272.2777486078  6.400744E-17
9276.34356102647  7.276836E-17
9280.40937344514  6.532100E-17
9284.47518586381  5.496266E-17
9288.54099828248  7.036801E-17
9292.60681070115  7.980406E-17
9296.67262311982  8.822117E-17
9300.73843553849  7.535988E-17
9304.80424795716  6.555226E-17
9308.87006037583  3.528435E-17
9312.9358727945  1.502985E-17
9317.00168521317  3.859661E-17
9321.06749763184  6.057103E-17
9325.13331005051  7.405188E-17
9329.19912246918  7.701211E-17
9333.26493488785  6.041819E-17
9337.33074730652  4.892796E-17
9341.39655972519  5.366647E-17
9345.46237214386  5.465662E-17
9349.52818456253  4.256869E-17
9353.59399698119  4.333207E-17
9357.65980939987  5.210537E-17
9361.72562181853  3.702956E-17
9365.7914342372  2.187018E-17
9369.85724665587  3.221021E-17
9373.92305907454  6.027617E-17
9377.98887149321  9.139025E-17
9382.05468391188  1.164750E-16
9386.12049633055  7.358927E-17
9390.18630874922  5.556508E-17
9394.25212116789  6.240382E-17
9398.31793358656  5.559986E-17
9402.38374600523  5.233871E-17
9406.4495584239  5.607181E-17
9410.51537084257  5.803879E-17
9414.58118326124  6.725502E-17
9418.64699567991  5.907262E-17
9422.71280809858  7.455450E-17
9426.77862051725  3.961076E-17
9430.84443293592  2.693015E-17
9434.91024535459  3.470835E-17
9438.97605777326  2.132437E-17
9443.04187019193  2.526756E-17
9447.1076826106  5.623950E-17
9451.17349502927  8.217651E-17
9455.23930744793  7.517613E-17
9459.30511986661  5.264971E-17
9463.37093228528  4.095820E-17
9467.43674470394  2.965248E-17
9471.50255712262  3.259552E-17
9475.56836954128  6.006468E-17
9479.63418195995  7.193538E-17
9483.69999437862  6.200957E-17
9487.76580679729  4.334756E-17
9491.83161921596  3.178610E-17
9495.89743163463  2.759719E-17
9499.9632440533  3.400726E-17
9504.02905647197  6.289360E-17
9508.09486889064  7.838614E-17
9512.16068130931  7.981255E-17
9516.22649372798  9.711638E-17
9520.29230614665  8.875710E-17
9524.35811856532  6.677176E-17
9528.42393098399  6.582190E-17
9532.48974340266  7.704246E-17
9536.55555582133  6.435292E-17
9540.62136824  4.895354E-17
9544.68718065867  6.242484E-17
9548.75299307734  7.169341E-17
9552.81880549601  6.133685E-17
9556.88461791468  5.319982E-17
9560.95043033335  8.034343E-17
9565.01624275201  8.571524E-17
9569.08205517069  5.352521E-17
9573.14786758935  4.013935E-17
9577.21368000802  5.136255E-17
9581.2794924267  6.099235E-17
9585.34530484536  6.423662E-17
9589.41111726403  7.381933E-17
9593.47692968271  7.350383E-17
9597.54274210137  6.392953E-17
9601.60855452004  6.151354E-17
9605.67436693871  6.333466E-17
9609.74017935738  6.081231E-17
9613.80599177605  5.854123E-17
9617.87180419472  7.388958E-17
9621.93761661339  7.342240E-17
9626.00342903206  5.790182E-17
9630.06924145073  6.875515E-17
9634.1350538694  6.815453E-17
9638.20086628807  5.439461E-17
9642.26667870674  5.296447E-17
9646.33249112541  3.731520E-17
9650.39830354408  3.143809E-17
9654.46411596275  3.319751E-17
9658.52992838142  3.986486E-17
9662.59574080009  5.495074E-17
9666.66155321876  5.957101E-17
9670.72736563743  4.644650E-17
9674.7931780561  3.709564E-17
9678.85899047476  3.368398E-17
9682.92480289344  5.935679E-17
9686.9906153121  8.219750E-17
9691.05642773077  7.049781E-17
9695.12224014944  5.918223E-17
9699.18805256811  5.522446E-17
9703.25386498678  5.312433E-17
9707.31967740545  5.194130E-17
9711.38548982412  4.151169E-17
9715.45130224279  3.771542E-17
9719.51711466146  6.055615E-17
9723.58292708013  7.765589E-17
9727.6487394988  5.747594E-17
9731.71455191747  2.786963E-17
9735.78036433614  2.669133E-17
9739.84617675481  3.171256E-17
9743.91198917348  3.479876E-17
9747.97780159215  4.873598E-17
9752.04361401082  5.331952E-17
9756.10942642949  5.272682E-17
9760.17523884816  6.915761E-17
9764.24105126683  6.366807E-17
9768.3068636855  4.215651E-17
9772.37267610417  3.439285E-17
9776.43848852284  4.008705E-17
9780.50430094151  3.576617E-17
9784.57011336018  2.754714E-17
9788.63592577885  5.748369E-17
9792.70173819752  8.564303E-17
9796.76755061618  9.151546E-17
9800.83336303485  6.709611E-17
9804.89917545352  5.632421E-17
9808.96498787219  7.957403E-17
9813.03080029086  7.019914E-17
9817.09661270953  5.734880E-17
9821.1624251282  7.132886E-17
9825.22823754687  6.809367E-17
9829.29404996554  5.593053E-17
9833.35986238421  3.670802E-17
9837.42567480288  3.859526E-17
9841.49148722155  7.122299E-17
9845.55729964022  8.570228E-17
9849.62311205889  7.006822E-17
9853.68892447756  5.506493E-17
9857.75473689623  7.699392E-17
9861.8205493149  7.064682E-17
9865.88636173357  5.319105E-17
9869.95217415224  9.275326E-17
9874.01798657091  8.128127E-17
9878.08379898958  7.146437E-17
9882.14961140825  6.827599E-17
9886.21542382692  6.659888E-17
9890.28123624559  5.756251E-17
9894.34704866425  4.136041E-17
9898.41286108292  2.073400E-17
9902.47867350159  4.228735E-17
9906.54448592026  8.718707E-17
9910.61029833893  9.301766E-17
9914.6761107576  8.558667E-17
9918.74192317627  7.322998E-17
9922.80773559494  4.069488E-17
9926.87354801361  5.484565E-17
9930.93936043228  8.090311E-17
9935.00517285095  3.875477E-17
9939.07098526962  2.934166E-17
9943.13679768829  8.910752E-17
9947.20261010696  8.955311E-17
9951.26842252563  4.347341E-17
9955.3342349443  6.624693E-17
9959.40004736297  1.086369E-16
9963.46585978164  9.578403E-17
9967.53167220031  7.335078E-17
9971.59748461898  7.453735E-17
9975.66329703765  7.904584E-17
9979.72910945632  8.880653E-17
9983.79492187499  9.049521E-17
