3347.6701660156  9.152914E-17
3351.73939708633  2.231775E-16
3355.80862815705  2.214144E-16
3359.87785922778  2.449188E-16
3363.9470902985  3.064507E-16
3368.01632136922  2.702293E-16
3372.08555243995  2.802488E-16
3376.15478351067  2.767563E-16
3380.2240145814  2.427075E-16
3384.29324565212  2.387028E-16
3388.36247672285  2.803251E-16
3392.43170779357  2.757920E-16
3396.50093886429  2.296996E-16
****************  2.583622E-16
3404.63940100574  2.475978E-16
3408.70863207647  3.209704E-16
3412.77786314719  2.980460E-16
3416.84709421792  2.944915E-16
3420.91632528864  2.738934E-16
3424.98555635936  2.614025E-16
3429.05478743009  2.542277E-16
****************  2.479134E-16
3437.19324957154  2.406930E-16
3441.26248064226  3.292451E-16
3445.33171171299  3.036586E-16
3449.40094278371  2.866640E-16
****************  2.833732E-16
3457.53940492516  3.239136E-16
3461.60863599588  2.935012E-16
3465.67786706661  2.977560E-16
3469.74709813733  2.844807E-16
3473.81632920805  3.146117E-16
3477.88556027878  2.934729E-16
3481.9547913495  2.844432E-16
3486.02402242023  2.767092E-16
3490.09325349095  3.060017E-16
3494.16248456167  2.621983E-16
3498.2317156324  2.862928E-16
3502.30094670312  2.858616E-16
3506.37017777385  2.656670E-16
3510.43940884457  2.594078E-16
3514.5086399153  2.604468E-16
3518.57787098602  2.959893E-16
3522.64710205674  2.903438E-16
3526.71633312747  2.725635E-16
3530.78556419819  2.556592E-16
3534.85479526892  2.444619E-16
3538.92402633964  2.732296E-16
3542.99325741037  2.666480E-16
3547.06248848109  2.825654E-16
3551.13171955181  2.700457E-16
3555.20095062254  2.776702E-16
3559.27018169326  2.861285E-16
3563.33941276399  2.916839E-16
3567.40864383471  2.735655E-16
3571.47787490543  2.694524E-16
3575.54710597616  2.610248E-16
3579.61633704688  2.748573E-16
3583.68556811761  2.710942E-16
3587.75479918833  2.694061E-16
3591.82403025906  2.707493E-16
3595.89326132978  2.719429E-16
3599.9624924005  2.663400E-16
3604.03172347123  2.849742E-16
3608.10095454195  2.818111E-16
3612.17018561268  2.594175E-16
3616.2394166834  2.994970E-16
3620.30864775413  2.774672E-16
3624.37787882485  2.739626E-16
3628.44710989557  2.778268E-16
3632.5163409663  2.979394E-16
3636.58557203702  2.737737E-16
3640.65480310775  2.858828E-16
3644.72403417847  2.788518E-16
3648.79326524919  2.989345E-16
3652.86249631992  2.911443E-16
3656.93172739064  2.783399E-16
3661.00095846137  2.699455E-16
3665.07018953209  2.846783E-16
3669.13942060282  2.793588E-16
3673.20865167354  2.687352E-16
3677.27788274426  2.786299E-16
3681.34711381499  2.813858E-16
3685.41634488571  2.911685E-16
3689.48557595644  2.940098E-16
3693.55480702716  3.038072E-16
3697.62403809789  3.022238E-16
3701.69326916861  2.830274E-16
3705.76250023933  2.988776E-16
3709.83173131006  2.753429E-16
3713.90096238078  2.785212E-16
3717.97019345151  2.849534E-16
3722.03942452223  2.752994E-16
3726.10865559296  2.931026E-16
3730.17788666368  2.840488E-16
3734.2471177344  2.804383E-16
3738.31634880513  2.983864E-16
3742.38557987585  2.812873E-16
3746.45481094658  2.677952E-16
3750.5240420173  2.653249E-16
3754.59327308802  2.766370E-16
****************  2.906474E-16
3762.73173522947  2.839181E-16
3766.8009663002  2.716152E-16
3770.87019737092  2.711132E-16
3774.93942844165  2.746782E-16
3779.00865951237  2.718587E-16
3783.07789058309  2.737872E-16
3787.14712165382  2.712008E-16
3791.21635272454  2.688770E-16
3795.28558379527  2.647254E-16
3799.35481486599  2.772120E-16
3803.42404593671  2.660588E-16
3807.49327700744  2.748552E-16
3811.56250807816  2.785635E-16
3815.63173914889  2.649407E-16
3819.70097021961  2.604975E-16
3823.77020129034  2.695077E-16
3827.83943236106  2.735579E-16
3831.90866343178  2.766873E-16
3835.97789450251  2.716017E-16
3840.04712557323  2.888193E-16
3844.11635664396  2.800667E-16
3848.18558771468  2.833154E-16
3852.25481878541  2.765596E-16
3856.32404985613  2.685635E-16
3860.39328092685  2.707627E-16
3864.46251199758  2.768133E-16
3868.5317430683  2.643530E-16
3872.60097413903  2.712078E-16
3876.67020520975  2.801141E-16
3880.73943628047  2.686331E-16
***************  2.765784E-16
3888.87789842192  2.821028E-16
3892.94712949265  2.770541E-16
3897.01636056337  2.792309E-16
3901.0855916341  2.692662E-16
3905.15482270482  2.677217E-16
3909.22405377554  2.723008E-16
3913.29328484627  2.748126E-16
3917.36251591699  2.775031E-16
3921.43174698772  2.682697E-16
3925.50097805844  2.722354E-16
3929.57020912916  2.591243E-16
3933.63944019989  2.694342E-16
3937.70867127061  2.751843E-16
3941.77790234134  2.716080E-16
3945.84713341206  2.846247E-16
3949.91636448279  2.860302E-16
3953.98559555351  2.743883E-16
3958.05482662423  2.683908E-16
3962.12405769496  2.788982E-16
3966.19328876568  2.841218E-16
3970.26251983641  2.735214E-16
3974.33175090713  2.821575E-16
3978.40098197786  2.799480E-16
3982.47021304858  2.707437E-16
3986.5394441193  2.697543E-16
3990.60867519003  2.843040E-16
3994.67790626075  2.815555E-16
3998.74713733148  2.838935E-16
4002.8163684022  2.802664E-16
4006.88559947293  2.898639E-16
4010.95483054365  2.880181E-16
4015.02406161437  2.819721E-16
***************  2.885745E-16
4023.16252375582  2.929556E-16
4027.23175482655  2.891949E-16
4031.30098589727  2.940106E-16
4035.370216968  2.817353E-16
4039.43944803872  2.690890E-16
4043.50867910944  2.696027E-16
4047.57791018017  2.706007E-16
4051.64714125089  2.759526E-16
4055.71637232162  2.717344E-16
****************  2.740966E-16
4063.85483446306  2.775217E-16
4067.92406553379  2.675734E-16
4071.99329660451  2.658120E-16
4076.06252767524  2.592296E-16
4080.13175874596  2.617739E-16
4084.20098981668  2.673603E-16
4088.27022088741  2.664135E-16
4092.33945195813  2.707861E-16
****************  2.745188E-16
4100.47791409958  2.714897E-16
4104.54714517031  2.744525E-16
4108.61637624103  2.684213E-16
4112.68560731175  2.755612E-16
4116.75483838248  2.706835E-16
4120.8240694532  2.709668E-16
4124.89330052393  2.668541E-16
4128.96253159465  2.708343E-16
4133.03176266538  2.650778E-16
4137.1009937361  2.562539E-16
4141.17022480682  2.611174E-16
4145.23945587755  2.643691E-16
****************  2.649556E-16
**************  2.715862E-16
4157.44714908972  2.670146E-16
4161.51638016044  2.562371E-16
4165.58561123117  2.623584E-16
4169.65484230189  2.675392E-16
4173.72407337262  2.615937E-16
4177.79330444334  2.650544E-16
4181.86253551407  2.656146E-16
4185.93176658479  2.646122E-16
4190.00099765551  2.619865E-16
4194.07022872624  2.641764E-16
4198.13945979696  2.605520E-16
4202.20869086769  2.671896E-16
****************  2.692113E-16
4210.34715300914  2.664417E-16
4214.41638407986  2.640609E-16
4218.48561515058  2.644329E-16
4222.55484622131  2.622130E-16
4226.62407729203  2.657467E-16
4230.69330836276  2.585448E-16
4234.76253943348  2.631487E-16
4238.8317705042  2.621363E-16
4242.90100157493  2.519614E-16
4246.97023264565  2.540122E-16
4251.03946371638  2.541913E-16
4255.1086947871  2.617021E-16
4259.17792585783  2.526507E-16
4263.24715692855  2.549244E-16
4267.31638799927  2.539508E-16
4271.38561907  2.669913E-16
4275.45485014072  2.768886E-16
4279.52408121145  2.564129E-16
****************  2.477091E-16
4287.6625433529  2.541424E-16
4291.73177442362  2.534908E-16
4295.80100549434  2.533250E-16
4299.87023656507  2.598108E-16
****************  2.549150E-16
****************  2.534490E-16
4312.07792977724  2.475855E-16
4316.14716084796  2.523924E-16
****************  2.477422E-16
4324.28562298941  2.541788E-16
4328.35485406014  2.511800E-16
4332.42408513086  2.438136E-16
4336.49331620159  2.455401E-16
****************  2.400100E-16
4344.63177834303  2.449360E-16
4348.70100941376  2.494701E-16
****************  2.391979E-16
4356.83947155521  2.384825E-16
4360.90870262593  2.490955E-16
4364.97793369666  2.438715E-16
4369.04716476738  2.416932E-16
***************  2.387646E-16
****************  2.391961E-16
4381.25485797955  2.460316E-16
****************  2.434615E-16
4389.393320121  2.421242E-16
4393.46255119173  2.412048E-16
4397.53178226245  2.421749E-16
4401.60101333317  2.338817E-16
4405.6702444039  2.372947E-16
4409.73947547462  2.322864E-16
4413.80870654534  2.263539E-16
4417.87793761607  2.276083E-16
4421.94716868679  2.391064E-16
4426.01639975752  2.418665E-16
4430.08563082824  2.319272E-16
4434.15486189897  2.357520E-16
4438.22409296969  2.393269E-16
4442.29332404041  2.351260E-16
4446.36255511114  2.305388E-16
4450.43178618186  2.349834E-16
4454.50101725259  2.340023E-16
4458.57024832331  2.313056E-16
4462.63947939404  2.246227E-16
4466.70871046476  2.281855E-16
4470.77794153548  2.277632E-16
****************  2.272870E-16
4478.91640367693  2.208914E-16
****************  2.282778E-16
4487.05486581838  2.263928E-16
4491.1240968891  2.404461E-16
4495.19332795983  2.373618E-16
4499.26255903055  2.274129E-16
4503.33179010128  2.256601E-16
4507.401021172  2.342470E-16
****************  2.334340E-16
****************  2.278192E-16
4519.60871438417  2.269127E-16
4523.6779454549  2.260949E-16
4527.74717652562  2.341944E-16
****************  2.241489E-16
4535.88563866707  2.229259E-16
4539.9548697378  2.293133E-16
4544.02410080852  2.231551E-16
4548.09333187924  2.229905E-16
4552.16256294997  2.262686E-16
****************  2.335242E-16
4560.30102509142  2.354995E-16
4564.37025616214  2.355766E-16
4568.43948723286  2.298566E-16
4572.50871830359  2.269398E-16
4576.57794937431  2.259628E-16
4580.64718044504  2.277354E-16
****************  2.307198E-16
4588.78564258649  2.245560E-16
****************  2.372129E-16
4596.92410472793  2.325557E-16
4600.99333579866  2.229893E-16
4605.06256686938  2.209348E-16
4609.13179794011  2.176418E-16
****************  2.180829E-16
4617.27026008156  2.185393E-16
4621.33949115228  2.165156E-16
4625.408722223  2.148679E-16
4629.47795329373  2.269840E-16
4633.54718436445  2.205151E-16
4637.61641543518  2.144958E-16
4641.6856465059  2.176652E-16
4645.75487757663  2.239547E-16
4649.82410864735  2.242892E-16
****************  2.258498E-16
4657.9625707888  2.280554E-16
4662.03180185952  2.293495E-16
4666.10103293025  2.277276E-16
4670.17026400097  2.253584E-16
4674.2394950717  2.180949E-16
4678.30872614242  2.200393E-16
4682.37795721314  2.185640E-16
****************  2.152639E-16
4690.51641935459  2.143652E-16
****************  2.189009E-16
4698.65488149604  2.211460E-16
4702.72411256677  2.167493E-16
4706.79334363749  2.117046E-16
4710.86257470821  2.179308E-16
4714.93180577894  2.137210E-16
****************  2.110110E-16
4723.07026792038  2.132040E-16
4727.13949899111  2.054823E-16
4731.20873006183  2.124714E-16
****************  2.096154E-16
4739.34719220328  2.084449E-16
4743.41642327401  2.103538E-16
4747.48565434473  2.132906E-16
4751.55488541545  2.221281E-16
4755.62411648618  2.171962E-16
4759.6933475569  2.095119E-16
4763.76257862763  2.157073E-16
4767.83180969835  2.168369E-16
4771.90104076908  2.165983E-16
4775.9702718398  2.116098E-16
4780.03950291052  2.055572E-16
4784.10873398125  2.207224E-16
4788.17796505197  2.160199E-16
***************  2.085967E-16
****************  2.172490E-16
4800.38565826415  2.149802E-16
4804.45488933487  2.158417E-16
4808.52412040559  2.223771E-16
4812.59335147632  2.221673E-16
4816.66258254704  2.259041E-16
4820.73181361777  2.209074E-16
****************  2.157775E-16
4828.87027575922  2.163059E-16
****************  2.197139E-16
4837.00873790066  2.133276E-16
4841.07796897139  2.089185E-16
4845.14720004211  2.039971E-16
4849.21643111283  2.042616E-16
4853.28566218356  2.066677E-16
****************  2.135021E-16
4861.42412432501  2.198404E-16
4865.49335539573  2.158497E-16
4869.56258646646  2.119705E-16
4873.63181753718  2.176322E-16
4877.70104860791  2.108075E-16
4881.77027967863  2.103814E-16
****************  2.122445E-16
4889.90874182008  2.053598E-16
4893.9779728908  2.106387E-16
4898.04720396153  2.177432E-16
4902.11643503225  2.227106E-16
****************  2.211607E-16
4910.2548971737  2.198631E-16
4914.32412824442  2.233802E-16
4918.39335931515  2.312518E-16
4922.46259038587  2.249852E-16
4926.5318214566  2.192297E-16
4930.60105252732  2.263340E-16
4934.67028359804  2.292295E-16
4938.73951466877  2.266350E-16
4942.80874573949  2.258874E-16
4946.87797681022  2.287737E-16
4950.94720788094  2.246652E-16
4955.01643895167  2.205459E-16
****************  2.246179E-16
4963.15490109311  2.210878E-16
4967.22413216384  2.182832E-16
4971.29336323456  2.298053E-16
4975.36259430528  2.260184E-16
4979.43182537601  2.192971E-16
4983.50105644673  2.213528E-16
4987.57028751746  2.197874E-16
4991.63951858818  2.190721E-16
4995.70874965891  2.195943E-16
4999.77798072963  2.175978E-16
5003.84721180036  2.114348E-16
5007.91644287108  2.154328E-16
5011.9856739418  2.200930E-16
5016.05490501253  2.224770E-16
5020.12413608325  2.175471E-16
5024.19336715398  2.161624E-16
5028.2625982247  2.196156E-16
5032.33182929542  2.114448E-16
5036.40106036615  2.149323E-16
5040.47029143687  2.230192E-16
5044.5395225076  2.114879E-16
5048.60875357832  2.174495E-16
5052.67798464905  2.169536E-16
5056.74721571977  2.116840E-16
5060.8164467905  2.077399E-16
5064.88567786122  2.149872E-16
5068.95490893194  2.118600E-16
5073.02414000267  2.075698E-16
5077.09337107339  2.146646E-16
5081.16260214412  2.174158E-16
5085.23183321484  2.153376E-16
5089.30106428556  2.162788E-16
5093.37029535629  2.130463E-16
5097.43952642701  2.085456E-16
5101.50875749774  2.112138E-16
5105.57798856846  2.162294E-16
5109.64721963918  2.141776E-16
5113.71645070991  2.115171E-16
5117.78568178063  2.079695E-16
5121.85491285136  2.118691E-16
5125.92414392208  2.128898E-16
5129.99337499281  2.122155E-16
5134.06260606353  2.126342E-16
5138.13183713426  2.068280E-16
5142.20106820498  2.112640E-16
5146.2702992757  2.170039E-16
5150.33953034643  2.106146E-16
5154.40876141715  2.120589E-16
5158.47799248788  2.139537E-16
5162.5472235586  2.099079E-16
5166.61645462932  2.139636E-16
5170.68568570005  2.105527E-16
5174.75491677077  2.075132E-16
5178.8241478415  2.163323E-16
5182.89337891222  2.171000E-16
5186.96260998295  2.179642E-16
5191.03184105367  2.200519E-16
5195.10107212439  2.181049E-16
5199.17030319512  2.097305E-16
5203.23953426584  2.165655E-16
5207.30876533657  2.143371E-16
5211.37799640729  2.020397E-16
5215.44722747801  2.052529E-16
5219.51645854874  2.104211E-16
5223.58568961946  2.140341E-16
5227.65492069019  2.108161E-16
5231.72415176091  2.085472E-16
5235.79338283164  2.088689E-16
5239.86261390236  2.058664E-16
5243.93184497308  2.046328E-16
5248.00107604381  2.123580E-16
5252.07030711453  2.130426E-16
5256.13953818526  2.061464E-16
5260.20876925598  2.046877E-16
5264.27800032671  2.135435E-16
5268.34723139743  2.135007E-16
5272.41646246815  2.067495E-16
5276.48569353888  2.015133E-16
5280.5549246096  2.010789E-16
5284.62415568032  2.004958E-16
5288.69338675105  1.967036E-16
5292.76261782178  1.999811E-16
5296.8318488925  1.934904E-16
5300.90107996322  2.030861E-16
5304.97031103395  1.968136E-16
5309.03954210467  2.033665E-16
5313.1087731754  2.045783E-16
5317.17800424612  2.119093E-16
5321.24723531684  2.129484E-16
5325.31646638757  2.100533E-16
5329.38569745829  2.104997E-16
5333.45492852902  2.156649E-16
5337.52415959974  2.100365E-16
5341.59339067047  2.062801E-16
5345.66262174119  1.998419E-16
5349.73185281191  2.060957E-16
5353.80108388264  2.131983E-16
5357.87031495336  2.111124E-16
5361.93954602409  2.098392E-16
5366.00877709481  2.184290E-16
5370.07800816553  2.201869E-16
5374.14723923626  2.152916E-16
5378.21647030698  2.145603E-16
5382.28570137771  2.083677E-16
5386.35493244843  2.079802E-16
5390.42416351916  2.089517E-16
5394.49339458988  2.091035E-16
5398.5626256606  2.094841E-16
5402.63185673133  2.057366E-16
5406.70108780205  2.053675E-16
5410.77031887278  2.017740E-16
5414.8395499435  1.986659E-16
5418.90878101423  2.047299E-16
5422.97801208495  2.017663E-16
5427.04724315567  2.068606E-16
5431.1164742264  2.119371E-16
5435.18570529712  2.008783E-16
5439.25493636784  2.055147E-16
5443.32416743857  2.131346E-16
5447.39339850929  2.120741E-16
5451.46262958002  2.164450E-16
5455.53186065074  2.121309E-16
5459.60109172147  2.068373E-16
5463.67032279219  2.118089E-16
5467.73955386291  2.189015E-16
5471.80878493364  2.200226E-16
5475.87801600436  2.071273E-16
5479.94724707509  2.137394E-16
5484.01647814581  2.116127E-16
5488.08570921654  2.168234E-16
5492.15494028726  2.102023E-16
5496.22417135798  2.069880E-16
5500.29340242871  2.102290E-16
5504.36263349943  2.080909E-16
5508.43186457016  2.102160E-16
5512.50109564088  2.270860E-16
5516.57032671161  2.196170E-16
5520.63955778233  2.087456E-16
5524.70878885305  2.226752E-16
5528.77801992378  2.193659E-16
5532.8472509945  2.167987E-16
5536.91648206523  2.156042E-16
5540.98571313595  2.130279E-16
5545.05494420667  2.142162E-16
5549.1241752774  2.147548E-16
5553.19340634812  2.207875E-16
5557.26263741885  2.193791E-16
5561.33186848957  2.306787E-16
5565.4010995603  2.283939E-16
5569.47033063102  1.865105E-16
5573.53956170174  2.115675E-16
5577.60879277247  2.086420E-16
5581.67802384319  2.091684E-16
5585.74725491392  1.998414E-16
5589.81648598464  2.126496E-16
5593.88571705537  2.109137E-16
5597.95494812609  2.113896E-16
5602.02417919681  2.129094E-16
5606.09341026754  2.152607E-16
5610.16264133826  2.167057E-16
5614.23187240899  2.183836E-16
5618.30110347971  2.207393E-16
5622.37033455044  2.231023E-16
5626.43956562116  2.243709E-16
5630.50879669188  2.216145E-16
5634.57802776261  2.164589E-16
5638.64725883333  2.127769E-16
5642.71648990406  2.069784E-16
5646.78572097478  2.117166E-16
5650.8549520455  2.230729E-16
5654.92418311623  2.125234E-16
5658.99341418695  2.115018E-16
5663.06264525768  2.067506E-16
5667.1318763284  2.189625E-16
5671.20110739913  2.153363E-16
5675.27033846985  2.146006E-16
5679.33956954057  2.238309E-16
5683.4088006113  2.218378E-16
5687.47803168202  2.223433E-16
5691.54726275275  2.281557E-16
5695.61649382347  2.261063E-16
5699.6857248942  2.268055E-16
5703.75495596492  2.222459E-16
5707.82418703564  2.155563E-16
5711.89341810637  2.185724E-16
5715.96264917709  2.153024E-16
5720.03188024782  2.083524E-16
5724.10111131854  2.247168E-16
5728.17034238926  2.165765E-16
5732.23957345999  2.030129E-16
5736.30880453071  2.076374E-16
5740.37803560144  2.185469E-16
5744.44726667216  2.124241E-16
5748.51649774289  2.105114E-16
5752.58572881361  2.068988E-16
5756.65495988434  2.117063E-16
5760.72419095506  2.109149E-16
5764.79342202578  2.122050E-16
5768.86265309651  2.153181E-16
5772.93188416723  2.140665E-16
5777.00111523795  2.203926E-16
5781.07034630868  2.100530E-16
5785.1395773794  2.043333E-16
5789.20880845013  2.079787E-16
5793.27803952085  2.078956E-16
5797.34727059158  2.165708E-16
5801.4165016623  2.104333E-16
5805.48573273302  2.131716E-16
5809.55496380375  2.112396E-16
5813.62419487447  2.071210E-16
5817.6934259452  2.071152E-16
5821.76265701592  2.105018E-16
5825.83188808665  2.100567E-16
5829.90111915737  2.041137E-16
5833.9703502281  2.057432E-16
5838.03958129882  2.064960E-16
5842.10881236954  2.011760E-16
5846.17804344027  2.120716E-16
5850.24727451099  2.095058E-16
5854.31650558171  2.018539E-16
5858.38573665244  2.048277E-16
5862.45496772316  1.984566E-16
5866.52419879389  2.059720E-16
5870.59342986461  2.137845E-16
5874.66266093534  2.168602E-16
5878.73189200606  2.041781E-16
5882.80112307678  1.962564E-16
5886.87035414751  2.013044E-16
5890.93958521823  2.066347E-16
5895.00881628896  1.979366E-16
5899.07804735968  2.002391E-16
5903.1472784304  1.977919E-16
5907.21650950113  1.890891E-16
5911.28574057186  1.926747E-16
5915.35497164258  1.901463E-16
5919.4242027133  2.018246E-16
5923.49343378403  2.054292E-16
5927.56266485475  1.971888E-16
5931.63189592547  1.958597E-16
5935.7011269962  2.012348E-16
5939.77035806692  1.936898E-16
5943.83958913765  1.974464E-16
5947.90882020837  1.961846E-16
5951.9780512791  1.932452E-16
5956.04728234982  1.960560E-16
5960.11651342054  1.995138E-16
5964.18574449127  1.995724E-16
5968.25497556199  1.985561E-16
5972.32420663272  1.931977E-16
5976.39343770344  1.815609E-16
5980.46266877417  1.811539E-16
5984.53189984489  1.921355E-16
5988.60113091561  1.912324E-16
5992.67036198634  1.924796E-16
5996.73959305706  1.906463E-16
6000.80882412779  1.894603E-16
6004.87805519851  1.912777E-16
6008.94728626924  1.965503E-16
6013.01651733996  1.923882E-16
6017.08574841068  1.908620E-16
6021.15497948141  1.914960E-16
6025.22421055213  1.935401E-16
6029.29344162286  1.938362E-16
6033.36267269358  1.939999E-16
6037.4319037643  2.021855E-16
6041.50113483503  1.996660E-16
6045.57036590575  1.895157E-16
6049.63959697648  1.948975E-16
6053.7088280472  1.968931E-16
6057.77805911792  1.929650E-16
6061.84729018865  1.944159E-16
6065.91652125937  1.967747E-16
6069.9857523301  1.955707E-16
6074.05498340082  1.913689E-16
6078.12421447155  1.979664E-16
6082.19344554227  2.046139E-16
6086.26267661299  1.993295E-16
6090.33190768372  2.012011E-16
6094.40113875444  2.024359E-16
6098.47036982517  2.009298E-16
6102.53960089589  2.055678E-16
6106.60883196662  2.044787E-16
6110.67806303734  1.995105E-16
6114.74729410806  2.050841E-16
6118.81652517879  2.050728E-16
6122.88575624951  1.961263E-16
6126.95498732024  1.970699E-16
6131.02421839096  1.966471E-16
6135.09344946169  1.956702E-16
6139.16268053241  1.925931E-16
6143.23191160313  1.964491E-16
6147.30114267386  1.958831E-16
6151.37037374458  1.927471E-16
6155.43960481531  1.961445E-16
6159.50883588603  2.021114E-16
6163.57806695675  1.965517E-16
6167.64729802748  1.916370E-16
6171.7165290982  1.903547E-16
6175.78576016893  1.943932E-16
6179.85499123965  1.894844E-16
6183.92422231038  1.906204E-16
6187.9934533811  1.937424E-16
6192.06268445182  1.930516E-16
6196.13191552255  1.914112E-16
6200.20114659327  1.895463E-16
6204.270377664  1.909556E-16
6208.33960873472  1.894634E-16
6212.40883980545  1.919261E-16
6216.47807087617  1.877468E-16
6220.54730194689  1.916740E-16
6224.61653301762  1.908881E-16
6228.68576408834  1.918814E-16
6232.75499515907  1.920276E-16
6236.82422622979  1.935988E-16
6240.89345730051  1.902518E-16
6244.96268837124  1.905490E-16
6249.03191944196  1.907694E-16
6253.10115051269  1.911514E-16
6257.17038158341  1.866943E-16
6261.23961265414  1.839491E-16
6265.30884372486  1.839630E-16
6269.37807479558  1.845512E-16
6273.44730586631  1.842621E-16
6277.51653693703  1.818196E-16
6281.58576800776  1.777031E-16
6285.65499907848  1.864437E-16
6289.7242301492  1.876825E-16
6293.79346121993  1.831691E-16
6297.86269229065  1.856450E-16
6301.93192336138  1.848592E-16
6306.0011544321  1.821883E-16
6310.07038550283  1.830605E-16
6314.13961657355  1.815909E-16
6318.20884764427  1.817679E-16
6322.278078715  1.779204E-16
6326.34730978572  1.757752E-16
6330.41654085645  1.768540E-16
6334.48577192717  1.813716E-16
6338.5550029979  1.844789E-16
6342.62423406862  1.811338E-16
6346.69346513934  1.821551E-16
6350.76269621007  1.827195E-16
6354.83192728079  1.790354E-16
6358.90115835152  1.761408E-16
6362.97038942224  1.730972E-16
6367.03962049296  1.698430E-16
6371.10885156369  1.693503E-16
6375.17808263441  1.718352E-16
6379.24731370514  1.653841E-16
6383.31654477586  1.717287E-16
6387.38577584659  1.744782E-16
6391.45500691731  1.798807E-16
6395.52423798803  1.826544E-16
6399.59346905876  1.827486E-16
6403.66270012948  1.843151E-16
6407.73193120021  1.816801E-16
6411.80116227093  1.809683E-16
6415.87039334165  1.820702E-16
6419.93962441238  1.830290E-16
6424.0088554831  1.852459E-16
6428.07808655383  1.876468E-16
6432.14731762455  1.881772E-16
6436.21654869528  1.825302E-16
6440.285779766  1.803266E-16
6444.35501083672  1.798997E-16
6448.42424190745  1.792926E-16
6452.49347297817  1.882218E-16
6456.5627040489  1.919746E-16
6460.63193511962  1.878939E-16
6464.70116619035  1.822224E-16
6468.77039726107  1.837995E-16
6472.83962833179  1.823198E-16
6476.90885940252  1.756779E-16
6480.97809047324  1.802165E-16
6485.04732154397  1.779112E-16
6489.11655261469  1.767888E-16
6493.18578368542  1.778408E-16
6497.25501475614  1.808606E-16
6501.32424582686  1.825763E-16
6505.39347689759  1.837214E-16
6509.46270796831  1.862350E-16
6513.53193903904  1.901171E-16
6517.60117010976  1.921422E-16
6521.67040118048  1.922644E-16
6525.73963225121  1.896381E-16
6529.80886332193  1.886054E-16
6533.87809439266  1.883794E-16
6537.94732546338  1.899826E-16
6542.01655653411  1.913402E-16
6546.08578760483  1.923003E-16
6550.15501867555  1.907002E-16
6554.22424974628  1.921996E-16
6558.293480817  1.904220E-16
6562.36271188773  1.873711E-16
6566.43194295845  1.801598E-16
6570.50117402917  1.841047E-16
6574.5704050999  1.886619E-16
6578.63963617062  1.856604E-16
6582.70886724135  1.869410E-16
6586.77809831207  1.874494E-16
6590.8473293828  1.898949E-16
6594.91656045352  1.920674E-16
6598.98579152424  1.912974E-16
6603.05502259497  1.914254E-16
6607.12425366569  1.903474E-16
6611.19348473642  1.882436E-16
6615.26271580714  1.896298E-16
6619.33194687787  1.906653E-16
6623.40117794859  1.875704E-16
6627.47040901931  1.886602E-16
6631.53964009004  1.942005E-16
6635.60887116076  1.915841E-16
6639.67810223149  1.904423E-16
6643.74733330221  1.913140E-16
6647.81656437293  1.872064E-16
6651.88579544366  1.801554E-16
6655.95502651438  1.836437E-16
6660.02425758511  1.843333E-16
6664.09348865583  1.846699E-16
6668.16271972656  1.861411E-16
6672.23195079728  1.874844E-16
6676.301181868  1.897023E-16
6680.37041293873  1.893435E-16
6684.43964400945  1.847275E-16
6688.50887508018  1.851474E-16
6692.5781061509  1.927896E-16
6696.64733722162  1.924197E-16
6700.71656829235  1.895518E-16
6704.78579936307  1.930106E-16
6708.8550304338  1.921836E-16
6712.92426150452  1.891783E-16
6716.99349257525  1.848825E-16
6721.06272364597  1.818527E-16
6725.13195471669  1.867382E-16
6729.20118578742  1.843181E-16
6733.27041685814  1.823091E-16
6737.33964792887  1.813007E-16
6741.40887899959  1.785931E-16
6745.47811007031  1.810919E-16
6749.54734114104  1.862998E-16
6753.61657221177  1.823934E-16
6757.68580328249  1.805194E-16
6761.75503435321  1.872839E-16
6765.82426542394  1.878327E-16
6769.89349649466  1.824830E-16
6773.96272756539  1.818327E-16
6778.03195863611  1.819321E-16
6782.10118970683  1.804066E-16
6786.17042077756  1.799944E-16
6790.23965184828  1.764106E-16
6794.30888291901  1.754185E-16
6798.37811398973  1.819323E-16
6802.44734506046  1.880298E-16
6806.51657613118  1.841221E-16
6810.5858072019  1.759829E-16
6814.65503827263  1.777622E-16
6818.72426934335  1.785102E-16
6822.79350041408  1.819985E-16
6826.8627314848  1.838843E-16
6830.93196255552  1.825232E-16
6835.00119362625  1.835731E-16
6839.07042469697  1.818676E-16
6843.1396557677  1.783864E-16
6847.20888683842  1.792138E-16
6851.27811790914  1.814695E-16
6855.34734897987  1.802236E-16
6859.41658005059  1.751331E-16
6863.48581112132  1.759665E-16
6867.55504219204  1.793968E-16
6871.62427326277  1.745857E-16
6875.69350433349  1.660680E-16
6879.76273540421  1.637900E-16
6883.83196647494  1.656884E-16
6887.90119754566  1.706304E-16
6891.97042861639  1.696996E-16
6896.03965968711  1.681517E-16
6900.10889075784  1.701000E-16
6904.17812182856  1.747525E-16
6908.24735289928  1.761321E-16
6912.31658397001  1.762400E-16
6916.38581504073  1.762327E-16
6920.45504611146  1.694578E-16
6924.52427718218  1.733222E-16
6928.59350825291  1.675939E-16
6932.66273932363  1.708676E-16
6936.73197039435  1.773769E-16
6940.80120146508  1.717135E-16
6944.8704325358  1.671777E-16
6948.93966360653  1.664489E-16
6953.00889467725  1.687318E-16
6957.07812574798  1.676801E-16
6961.1473568187  1.717777E-16
6965.21658788943  1.765102E-16
6969.28581896015  1.673503E-16
6973.35505003087  1.672704E-16
6977.4242811016  1.676308E-16
6981.49351217232  1.674986E-16
6985.56274324304  1.701126E-16
6989.63197431377  1.709197E-16
6993.70120538449  1.693413E-16
6997.77043645522  1.680386E-16
7001.83966752594  1.701722E-16
7005.90889859667  1.701581E-16
7009.97812966739  1.697423E-16
7014.04736073811  1.743181E-16
7018.11659180884  1.719316E-16
7022.18582287956  1.662201E-16
7026.25505395029  1.671222E-16
7030.32428502101  1.696081E-16
7034.39351609174  1.763006E-16
7038.46274716246  1.768858E-16
7042.53197823318  1.759622E-16
7046.60120930391  1.704706E-16
7050.67044037463  1.707073E-16
7054.73967144536  1.717625E-16
7058.80890251608  1.729645E-16
7062.8781335868  1.716765E-16
7066.94736465753  1.743776E-16
7071.01659572825  1.781020E-16
7075.08582679898  1.705624E-16
7079.1550578697  1.760855E-16
7083.22428894042  1.746974E-16
7087.29352001115  1.708185E-16
7091.36275108187  1.745754E-16
7095.4319821526  1.730410E-16
7099.50121322332  1.757818E-16
7103.57044429405  1.727771E-16
7107.63967536477  1.700173E-16
7111.70890643549  1.704726E-16
7115.77813750622  1.693402E-16
7119.84736857694  1.665057E-16
7123.91659964767  1.694306E-16
7127.98583071839  1.693362E-16
7132.05506178911  1.689758E-16
7136.12429285984  1.701155E-16
7140.19352393056  1.648868E-16
7144.26275500129  1.653845E-16
7148.33198607201  1.696934E-16
7152.40121714274  1.680789E-16
7156.47044821346  1.673311E-16
7160.53967928418  1.684939E-16
7164.60891035491  1.619851E-16
7168.67814142563  1.589107E-16
7172.74737249636  1.560391E-16
7176.81660356708  1.526200E-16
7180.88583463781  1.558860E-16
7184.95506570853  1.607159E-16
7189.02429677925  1.537943E-16
7193.09352784998  1.511815E-16
7197.1627589207  1.587935E-16
7201.23198999143  1.578200E-16
7205.30122106215  1.565481E-16
7209.37045213288  1.602524E-16
7213.4396832036  1.594843E-16
7217.50891427432  1.639556E-16
7221.57814534505  1.607069E-16
7225.64737641577  1.557897E-16
7229.7166074865  1.588518E-16
7233.78583855722  1.512870E-16
7237.85506962794  1.444258E-16
7241.92430069867  1.473489E-16
7245.99353176939  1.461714E-16
7250.06276284012  1.396799E-16
7254.13199391084  1.337173E-16
7258.20122498156  1.367937E-16
7262.27045605229  1.470584E-16
7266.33968712301  1.478191E-16
7270.40891819374  1.456214E-16
7274.47814926446  1.527635E-16
7278.54738033519  1.555777E-16
7282.61661140591  1.558630E-16
7286.68584247663  1.531585E-16
7290.75507354736  1.460901E-16
7294.82430461808  1.469193E-16
7298.89353568881  1.513637E-16
7302.96276675953  1.530226E-16
7307.03199783026  1.527790E-16
7311.10122890098  1.567438E-16
7315.1704599717  1.586302E-16
7319.23969104243  1.561184E-16
7323.30892211315  1.562123E-16
7327.37815318388  1.540999E-16
7331.4473842546  1.619823E-16
7335.51661532533  1.606288E-16
7339.58584639605  1.695776E-16
7343.65507746677  1.710738E-16
7347.7243085375  1.657547E-16
7351.79353960822  1.554891E-16
7355.86277067895  1.552478E-16
7359.93200174967  1.633004E-16
7364.00123282039  1.612007E-16
7368.07046389112  1.562754E-16
7372.13969496184  1.530793E-16
7376.20892603257  1.496931E-16
7380.27815710329  1.541631E-16
7384.34738817402  1.562178E-16
7388.41661924474  1.596214E-16
7392.48585031547  1.639194E-16
7396.55508138619  1.646382E-16
7400.62431245691  1.581833E-16
7404.69354352764  1.549054E-16
7408.76277459836  1.601047E-16
7412.83200566909  1.615318E-16
7416.90123673981  1.584195E-16
7420.97046781053  1.628380E-16
7425.03969888126  1.633728E-16
7429.10892995198  1.616327E-16
7433.17816102271  1.600975E-16
7437.24739209343  1.585679E-16
7441.31662316416  1.650978E-16
7445.38585423488  1.639311E-16
7449.4550853056  1.682080E-16
7453.52431637633  1.624278E-16
7457.59354744705  8.900313E-17
7461.66277851778  1.632595E-16
7465.7320095885  1.622711E-16
7469.80124065922  1.673449E-16
7473.87047172995  1.670019E-16
7477.93970280067  1.667044E-16
7482.0089338714  1.681924E-16
7486.07816494212  1.635591E-16
7490.14739601285  1.609929E-16
7494.21662708357  1.596500E-16
7498.28585815429  1.571795E-16
7502.35508922502  1.628635E-16
7506.42432029574  1.628325E-16
7510.49355136647  1.610674E-16
7514.56278243719  1.567748E-16
7518.63201350792  1.518342E-16
7522.70124457864  1.533263E-16
7526.77047564936  1.518151E-16
7530.83970672009  1.543872E-16
7534.90893779081  1.585994E-16
7538.97816886154  1.617328E-16
7543.04739993226  1.642038E-16
7547.11663100298  1.600962E-16
7551.18586207371  1.561787E-16
7555.25509314443  1.515392E-16
7559.32432421516  1.488537E-16
7563.39355528588  1.545386E-16
7567.4627863566  1.628760E-16
7571.53201742733  1.691377E-16
7575.60124849805  1.674621E-16
7579.67047956878  1.695568E-16
7583.7397106395  1.599498E-16
7587.80894171023  1.503329E-16
7591.87817278095  1.384130E-16
7595.94740385168  1.358043E-16
7600.0166349224  1.191751E-16
7604.08586599312  1.210226E-16
7608.15509706385  1.462693E-16
7612.22432813457  1.627538E-16
7616.29355920529  1.602228E-16
7620.36279027602  1.569585E-16
7624.43202134674  1.484885E-16
7628.50125241747  1.363671E-16
7632.57048348819  1.329612E-16
7636.63971455892  1.413159E-16
7640.70894562964  1.478495E-16
7644.77817670037  1.504329E-16
7648.84740777109  1.558577E-16
7652.91663884181  1.511154E-16
7656.98586991254  1.443842E-16
7661.05510098326  1.421841E-16
7665.12433205399  1.390813E-16
7669.19356312471  1.430011E-16
7673.26279419544  1.466690E-16
7677.33202526616  1.461023E-16
7681.40125633688  1.509443E-16
7685.47048740761  1.601938E-16
7689.53971847833  1.594130E-16
7693.60894954906  1.506057E-16
7697.67818061978  1.414538E-16
7701.7474116905  1.213723E-16
7705.81664276123  1.192269E-16
7709.88587383195  1.338677E-16
7713.95510490268  1.461323E-16
7718.0243359734  1.520636E-16
7722.09356704412  1.574968E-16
7726.16279811485  1.527082E-16
7730.23202918557  1.524405E-16
7734.3012602563  1.475969E-16
7738.37049132702  1.395168E-16
7742.43972239775  1.406050E-16
7746.50895346847  1.531901E-16
7750.57818453919  1.644026E-16
7754.64741560992  1.642964E-16
7758.71664668064  1.613810E-16
7762.78587775137  1.600179E-16
7766.85510882209  1.510108E-16
7770.92433989282  1.386114E-16
7774.99357096354  1.414152E-16
7779.06280203426  1.585436E-16
7783.13203310499  1.753951E-16
7787.20126417571  1.830420E-16
7791.27049524644  1.791325E-16
7795.33972631716  1.708224E-16
7799.40895738788  1.601081E-16
7803.47818845861  1.471322E-16
7807.54741952933  1.490847E-16
7811.61665060006  1.531174E-16
7815.68588167078  1.654579E-16
7819.75511274151  1.684814E-16
7823.82434381223  1.616217E-16
7827.89357488295  1.527538E-16
7831.96280595368  1.481497E-16
7836.0320370244  1.409656E-16
7840.10126809513  1.361679E-16
7844.17049916585  1.564984E-16
7848.23973023658  1.828588E-16
7852.3089613073  1.861595E-16
7856.37819237802  1.771984E-16
7860.44742344875  1.673109E-16
7864.51665451947  1.527257E-16
7868.5858855902  1.409997E-16
7872.65511666092  1.458965E-16
7876.72434773164  1.670083E-16
7880.79357880237  1.802210E-16
7884.86280987309  1.755283E-16
7888.93204094382  1.696351E-16
7893.00127201454  1.638588E-16
7897.07050308527  1.538180E-16
7901.13973415599  1.507635E-16
7905.20896522671  1.639516E-16
7909.27819629744  1.789303E-16
7913.34742736816  1.741980E-16
7917.41665843889  1.606965E-16
7921.48588950961  1.513351E-16
7925.55512058034  1.488222E-16
7929.62435165106  1.470102E-16
7933.69358272178  1.569502E-16
7937.76281379251  1.659901E-16
7941.83204486323  1.603643E-16
7945.90127593396  1.568446E-16
7949.97050700468  1.473364E-16
7954.03973807541  1.433246E-16
7958.10896914613  1.467278E-16
7962.17820021685  1.484023E-16
7966.24743128758  1.567606E-16
7970.3166623583  1.619150E-16
7974.38589342903  1.571670E-16
7978.45512449975  1.572774E-16
7982.52435557047  1.609038E-16
7986.5935866412  1.523810E-16
7990.66281771192  1.489309E-16
7994.73204878265  1.565324E-16
7998.80127985337  1.533313E-16
8002.87051092409  1.447485E-16
8006.93974199482  1.505023E-16
8011.00897306554  1.616544E-16
8015.07820413627  1.593582E-16
8019.14743520699  1.514699E-16
8023.21666627772  1.510974E-16
8027.28589734844  1.532524E-16
8031.35512841916  1.554141E-16
8035.42435948989  1.549844E-16
8039.49359056061  1.550587E-16
8043.56282163134  1.610301E-16
8047.63205270206  1.594181E-16
8051.70128377278  1.579952E-16
8055.77051484351  1.627953E-16
8059.83974591423  1.594642E-16
8063.90897698496  1.592008E-16
8067.97820805568  1.550734E-16
8072.04743912641  1.494323E-16
8076.11667019713  1.542260E-16
8080.18590126786  1.596748E-16
8084.25513233858  1.628898E-16
8088.3243634093  1.647240E-16
8092.39359448003  1.634476E-16
8096.46282555075  1.663338E-16
8100.53205662148  1.711949E-16
8104.6012876922  1.752325E-16
8108.67051876292  1.708324E-16
8112.73974983365  1.620486E-16
8116.80898090437  1.548949E-16
8120.8782119751  1.469857E-16
8124.94744304582  1.420520E-16
8129.01667411655  1.377922E-16
8133.08590518727  1.376466E-16
8137.15513625799  1.453012E-16
8141.22436732872  1.491909E-16
8145.29359839944  1.464835E-16
8149.36282947017  1.403250E-16
8153.43206054089  1.422629E-16
8157.50129161162  1.370217E-16
8161.57052268234  1.331423E-16
8165.63975375306  1.352663E-16
8169.70898482379  1.335354E-16
8173.77821589451  1.361872E-16
8177.84744696524  1.402854E-16
8181.91667803596  1.394570E-16
8185.98590910668  1.391790E-16
8190.05514017741  1.438694E-16
8194.12437124813  1.441437E-16
8198.19360231886  1.383625E-16
8202.26283338958  1.390624E-16
8206.33206446031  1.369266E-16
8210.40129553103  1.408887E-16
8214.47052660175  1.391652E-16
8218.53975767248  1.376164E-16
8222.6089887432  1.376909E-16
8226.67821981393  1.377032E-16
8230.74745088465  1.381201E-16
8234.81668195537  1.322815E-16
8238.8859130261  1.327502E-16
8242.95514409682  1.373773E-16
8247.02437516755  1.341404E-16
8251.09360623827  1.342625E-16
8255.162837309  1.377304E-16
8259.23206837972  1.413155E-16
8263.30129945044  1.459332E-16
8267.37053052117  1.437901E-16
8271.43976159189  1.381402E-16
8275.50899266262  1.336300E-16
8279.57822373334  1.322774E-16
8283.64745480407  1.374855E-16
8287.71668587479  1.372053E-16
8291.78591694551  1.330793E-16
8295.85514801624  1.340788E-16
8299.92437908696  1.273108E-16
8303.99361015769  1.260465E-16
8308.06284122841  1.390929E-16
8312.13207229913  1.421632E-16
8316.20130336986  1.350325E-16
8320.27053444059  1.360776E-16
8324.33976551131  1.347498E-16
8328.40899658203  1.290259E-16
8332.47822765275  1.346518E-16
8336.54745872348  1.308159E-16
8340.6166897942  1.324718E-16
8344.68592086493  1.330148E-16
8348.75515193565  1.323340E-16
8352.82438300638  1.389957E-16
8356.8936140771  1.458352E-16
8360.96284514782  1.463326E-16
8365.03207621855  1.441795E-16
8369.10130728927  1.430243E-16
8373.17053836  1.400400E-16
8377.23976943072  1.338588E-16
8381.30900050145  1.273861E-16
8385.37823157217  1.326129E-16
8389.4474626429  1.400556E-16
8393.51669371362  1.367978E-16
8397.58592478434  1.345275E-16
8401.65515585507  1.402984E-16
8405.72438692579  1.399808E-16
8409.79361799652  1.452611E-16
8413.86284906724  1.423725E-16
8417.93208013796  1.377087E-16
8422.00131120869  1.327548E-16
8426.07054227941  1.352078E-16
8430.13977335014  1.315532E-16
8434.20900442086  1.254228E-16
8438.27823549158  1.351681E-16
8442.34746656231  1.430726E-16
8446.41669763304  1.500437E-16
8450.48592870376  1.426140E-16
8454.55515977448  1.303541E-16
8458.62439084521  1.279194E-16
8462.69362191593  1.259326E-16
8466.76285298666  1.291758E-16
8470.83208405738  1.403702E-16
8474.9013151281  1.420173E-16
8478.97054619883  1.381461E-16
8483.03977726955  1.431545E-16
8487.10900834027  1.485234E-16
8491.178239411  1.485125E-16
8495.24747048172  1.507839E-16
8499.31670155245  1.510608E-16
8503.38593262317  1.449064E-16
8507.4551636939  1.393275E-16
8511.52439476462  1.389337E-16
8515.59362583535  1.414204E-16
8519.66285690607  1.338942E-16
8523.73208797679  1.408280E-16
8527.80131904752  1.445659E-16
8531.87055011824  1.504686E-16
8535.93978118897  1.581779E-16
8540.00901225969  1.511334E-16
8544.07824333041  1.493947E-16
8548.14747440114  1.459020E-16
8552.21670547186  1.419435E-16
8556.28593654259  1.370948E-16
8560.35516761331  1.323213E-16
8564.42439868403  1.323654E-16
8568.49362975476  1.369277E-16
8572.56286082549  1.413866E-16
8576.63209189621  1.547492E-16
8580.70132296693  1.561102E-16
8584.77055403766  1.506569E-16
8588.83978510838  1.466313E-16
8592.9090161791  1.377463E-16
8596.97824724983  1.259141E-16
8601.04747832055  1.198165E-16
8605.11670939128  1.286529E-16
8609.185940462  1.548904E-16
8613.25517153272  1.869975E-16
8617.32440260345  2.152631E-16
8621.39363367417  2.295428E-16
8625.4628647449  2.082176E-16
8629.53209581562  1.655801E-16
8633.60132688635  1.356337E-16
8637.67055795707  1.199443E-16
8641.7397890278  1.037292E-16
8645.80902009852  9.096680E-17
8649.87825116925  9.815652E-17
8653.94748223997  1.410919E-16
8658.01671331069  1.784178E-16
8662.08594438142  1.857754E-16
8666.15517545214  1.797193E-16
8670.22440652286  1.726284E-16
8674.29363759359  1.617583E-16
8678.36286866431  1.427149E-16
8682.43209973504  1.296248E-16
8686.50133080576  1.263620E-16
8690.57056187648  1.296589E-16
8694.63979294721  1.334132E-16
8698.70902401794  1.310074E-16
8702.77825508866  1.366981E-16
8706.84748615938  1.459176E-16
8710.91671723011  1.455741E-16
8714.98594830083  1.345686E-16
8719.05517937156  1.216938E-16
8723.12441044228  1.192792E-16
8727.193641513  1.223575E-16
8731.26287258373  1.225276E-16
8735.33210365445  1.292812E-16
8739.40133472517  1.339905E-16
8743.4705657959  1.485957E-16
8747.53979686663  1.772601E-16
8751.60902793735  1.612477E-16
8755.67825900807  1.383833E-16
8759.7474900788  1.214476E-16
8763.81672114952  1.078679E-16
8767.88595222025  9.303983E-17
8771.95518329097  8.587196E-17
8776.0244143617  1.161535E-16
8780.09364543242  1.190406E-16
8784.16287650314  1.237207E-16
8788.23210757387  1.326318E-16
8792.30133864459  1.382333E-16
8796.37056971531  1.300804E-16
8800.43980078604  1.268179E-16
8804.50903185676  1.290594E-16
8808.57826292749  1.113364E-16
8812.64749399821  8.294675E-17
8816.71672506894  7.920162E-17
8820.78595613966  1.075224E-16
8824.85518721039  1.352230E-16
8828.92441828111  1.365551E-16
8832.99364935183  1.341882E-16
8837.06288042256  1.418232E-16
8841.13211149328  1.378193E-16
8845.20134256401  1.286941E-16
8849.27057363473  1.221283E-16
8853.33980470545  1.072046E-16
8857.40903577618  9.728421E-17
8861.4782668469  1.028073E-16
8865.54749791763  1.184134E-16
8869.61672898835  1.394284E-16
8873.68596005908  1.650349E-16
8877.7551911298  1.783025E-16
8881.82442220052  1.626644E-16
8885.89365327125  1.545268E-16
8889.96288434197  1.352823E-16
8894.0321154127  1.256403E-16
8898.10134648342  1.179346E-16
8902.17057755415  1.139692E-16
8906.23980862487  9.409680E-17
8910.30903969559  9.652623E-17
8914.37827076632  9.562721E-17
8918.44750183704  1.023354E-16
8922.51673290776  1.083128E-16
8926.58596397849  1.277381E-16
8930.65519504922  1.415895E-16
8934.72442611994  1.468521E-16
8938.79365719066  1.377627E-16
8942.86288826139  1.256958E-16
8946.93211933211  1.247101E-16
8951.00135040284  1.119720E-16
8955.07058147356  1.028574E-16
8959.13981254428  1.144215E-16
8963.20904361501  1.239613E-16
8967.27827468573  1.220735E-16
8971.34750575646  1.200918E-16
8975.41673682718  1.269608E-16
8979.4859678979  1.273645E-16
8983.55519896863  1.282488E-16
8987.62443003935  1.535769E-16
8991.69366111008  1.572642E-16
8995.7628921808  1.397395E-16
8999.83212325153  1.478656E-16
9003.90135432225  1.495916E-16
9007.97058539297  1.384800E-16
9012.0398164637  1.233565E-16
9016.10904753442  1.127166E-16
9020.17827860515  1.178517E-16
9024.24750967587  1.218453E-16
9028.3167407466  1.193365E-16
9032.38597181732  1.325364E-16
9036.45520288804  1.563729E-16
9040.52443395877  1.500558E-16
9044.59366502949  1.481929E-16
9048.66289610022  1.399444E-16
9052.73212717094  1.276209E-16
9056.80135824166  1.250739E-16
9060.87058931239  1.160661E-16
9064.93982038311  1.134768E-16
9069.00905145384  1.161629E-16
9073.07828252456  1.066973E-16
9077.14751359529  1.069612E-16
9081.21674466601  1.177300E-16
9085.28597573673  1.238737E-16
9089.35520680746  1.324167E-16
9093.42443787818  1.405941E-16
9097.49366894891  1.370889E-16
9101.56290001963  1.274197E-16
9105.63213109035  1.212788E-16
9109.70136216108  1.179686E-16
9113.7705932318  1.224516E-16
9117.83982430253  1.206896E-16
9121.90905537325  1.116452E-16
9125.97828644398  1.205990E-16
9130.0475175147  1.184451E-16
9134.11674858542  1.104855E-16
9138.18597965615  1.129754E-16
9142.25521072687  1.162722E-16
9146.3244417976  1.259703E-16
9150.39367286832  1.270610E-16
9154.46290393905  1.189233E-16
9158.53213500977  1.247419E-16
9162.60136608049  1.229924E-16
9166.67059715122  1.208513E-16
9170.73982822194  1.101892E-16
9174.80905929267  1.034425E-16
9178.87829036339  1.060758E-16
9182.94752143411  1.164129E-16
9187.01675250484  1.251843E-16
9191.08598357556  1.224833E-16
9195.15521464629  1.206087E-16
9199.22444571701  1.249667E-16
9203.29367678774  1.341295E-16
9207.36290785846  1.358462E-16
9211.43213892918  1.268442E-16
9215.50136999991  1.271932E-16
9219.57060107063  1.266616E-16
9223.63983214136  1.148819E-16
9227.70906321208  1.098672E-16
9231.77829428281  1.136517E-16
9235.84752535353  1.224353E-16
9239.91675642425  1.248843E-16
9243.98598749498  1.280382E-16
9248.0552185657  1.300078E-16
9252.12444963643  1.244239E-16
9256.19368070715  1.275840E-16
9260.26291177788  1.225350E-16
9264.3321428486  1.179549E-16
9268.40137391932  1.220370E-16
9272.47060499005  1.164651E-16
9276.53983606077  1.084741E-16
9280.6090671315  1.024674E-16
9284.67829820222  1.069654E-16
9288.74752927294  1.093950E-16
9292.81676034367  1.096003E-16
9296.88599141439  1.339762E-16
9300.95522248512  1.435108E-16
9305.02445355584  1.487271E-16
9309.09368462656  1.444781E-16
9313.16291569729  1.438511E-16
9317.23214676801  1.551989E-16
9321.30137783874  1.190859E-16
9325.37060890946  8.754559E-17
9329.43983998019  9.245095E-17
9333.50907105091  9.080916E-17
9337.57830212163  9.287215E-17
9341.64753319236  9.410698E-17
9345.71676426308  1.023471E-16
9349.78599533381  1.187209E-16
9353.85522640453  1.143531E-16
9357.92445747526  1.052160E-16
9361.99368854598  1.373958E-16
9366.0629196167  1.440241E-16
9370.13215068743  1.147359E-16
9374.20138175815  1.200398E-16
9378.27061282888  1.198355E-16
9382.3398438996  9.790174E-17
9386.40907497033  8.719905E-17
9390.47830604105  8.856985E-17
9394.54753711177  9.323565E-17
9398.6167681825  9.429922E-17
9402.68599925322  9.616748E-17
9406.75523032395  1.069870E-16
9410.82446139467  1.172338E-16
9414.89369246539  1.080424E-16
9418.96292353612  1.069544E-16
9423.03215460684  1.022515E-16
9427.10138567757  8.114162E-17
9431.17061674829  7.939710E-17
9435.23984781902  9.491880E-17
9439.30907888974  9.549208E-17
9443.37830996046  7.828564E-17
9447.44754103119  9.203640E-17
9451.51677210191  9.903279E-17
9455.58600317264  8.739896E-17
9459.65523424336  1.107422E-16
9463.72446531408  1.204164E-16
9467.79369638481  1.127856E-16
9471.86292745553  1.036833E-16
9475.93215852626  8.424231E-17
9480.00138959698  7.300056E-17
9484.07062066771  7.543168E-17
9488.13985173843  8.813540E-17
9492.20908280915  9.107099E-17
9496.27831387988  1.071498E-16
9500.3475449506  1.068222E-16
9504.41677602133  7.934952E-17
9508.48600709205  7.600081E-17
9512.55523816277  8.570595E-17
9516.6244692335  9.550794E-17
9520.69370030422  1.015820E-16
9524.76293137495  9.651007E-17
9528.83216244567  8.483200E-17
9532.9013935164  9.148621E-17
9536.97062458712  9.619939E-17
9541.03985565784  9.780726E-17
9545.10908672857  9.095485E-17
9549.17831779929  8.222552E-17
9553.24754887002  8.970050E-17
9557.31677994074  1.088587E-16
9561.38601101147  1.082153E-16
9565.45524208219  1.056849E-16
9569.52447315291  9.517545E-17
9573.59370422364  8.630693E-17
9577.66293529436  1.024078E-16
9581.73216636509  9.611282E-17
9585.80139743581  9.398230E-17
9589.87062850654  9.742028E-17
9593.93985957726  7.389615E-17
9598.00909064798  9.485460E-17
9602.07832171871  1.130841E-16
9606.14755278943  1.058597E-16
9610.21678386016  1.096721E-16
9614.28601493088  1.172073E-16
9618.3552460016  1.065980E-16
9622.42447707233  9.546897E-17
9626.49370814305  9.512907E-17
9630.56293921378  9.467715E-17
9634.6321702845  9.919421E-17
9638.70140135523  9.981974E-17
9642.77063242595  1.047471E-16
9646.83986349667  1.052376E-16
9650.9090945674  1.021782E-16
9654.97832563812  1.084391E-16
9659.04755670885  1.141080E-16
9663.11678777957  1.089160E-16
9667.1860188503  1.020844E-16
9671.25524992102  1.027294E-16
9675.32448099174  1.150397E-16
9679.39371206247  1.096229E-16
9683.46294313319  9.889634E-17
9687.53217420392  9.585254E-17
9691.60140527464  1.018786E-16
9695.67063634536  1.201247E-16
9699.73986741609  1.118449E-16
9703.80909848681  1.053137E-16
9707.87832955754  1.232517E-16
9711.94756062826  1.134718E-16
9716.01679169899  1.112493E-16
9720.08602276971  1.265890E-16
9724.15525384043  1.252496E-16
9728.22448491116  9.681686E-17
9732.29371598188  8.907720E-17
9736.36294705261  1.105022E-16
9740.43217812333  1.125920E-16
9744.50140919405  1.088079E-16
9748.57064026478  1.045979E-16
9752.6398713355  1.056187E-16
9756.70910240623  1.145331E-16
9760.77833347695  1.018465E-16
9764.84756454768  9.757313E-17
9768.9167956184  9.909544E-17
9772.98602668912  9.673433E-17
9777.05525775985  9.628274E-17
9781.12448883057  1.000984E-16
9785.1937199013  1.000448E-16
9789.26295097202  1.087999E-16
9793.33218204274  1.148105E-16
9797.40141311347  9.773381E-17
9801.47064418419  1.020088E-16
9805.53987525492  1.324118E-16
9809.60910632564  1.344053E-16
9813.67833739636  1.181168E-16
9817.74756846709  1.080153E-16
9821.81679953781  9.215837E-17
9825.88603060854  8.825279E-17
9829.95526167926  1.069471E-16
9834.02449274999  1.196454E-16
9838.09372382071  1.177521E-16
9842.16295489144  1.163695E-16
9846.23218596216  1.174465E-16
9850.30141703288  1.135994E-16
9854.37064810361  1.133753E-16
9858.43987917433  1.120554E-16
9862.50911024506  9.423422E-17
9866.57834131578  1.027779E-16
9870.6475723865  1.214825E-16
9874.71680345723  1.165522E-16
9878.78603452795  1.218796E-16
9882.85526559868  1.151353E-16
9886.9244966694  1.173327E-16
9890.99372774013  1.328002E-16
9895.06295881085  1.506003E-16
9899.13218988157  1.333309E-16
9903.2014209523  1.228976E-16
9907.27065202302  9.954256E-17
9911.33988309375  1.075527E-16
9915.40911416447  1.269598E-16
9919.4783452352  1.154608E-16
9923.54757630592  9.171464E-17
9927.61680737664  6.872052E-17
9931.68603844737  7.185768E-17
9935.75526951809  1.281948E-16
9939.82450058882  1.535506E-16
9943.89373165954  1.442952E-16
9947.96296273026  1.659149E-16
9952.03219380099  1.280110E-16
9956.10142487172  8.291420E-17
9960.17065594244  1.043746E-16
9964.23988701316  1.210224E-16
9968.30911808389  1.084199E-16
9972.37834915461  1.056082E-16
9976.44758022534  1.075732E-16
9980.51681129606  1.203283E-16
9984.58604236678  1.181082E-16
9988.65527343751  1.073632E-17
