3346.6926269531  4.511426E-16
3350.76257129742  3.225130E-16
3354.83251564173  3.621930E-16
3358.90245998605  2.384045E-16
3362.97240433036  2.341740E-16
3367.04234867468  2.441140E-16
3371.11229301899  3.305116E-16
3375.18223736331  3.926086E-16
3379.25218170762  3.169315E-16
3383.32212605194  3.331845E-16
3387.39207039625  2.936224E-16
3391.46201474057  3.464560E-16
3395.53195908488  2.908693E-16
3399.6019034292  3.434331E-16
3403.67184777351  4.159385E-16
****************  3.353051E-16
3411.81173646214  3.380266E-16
3415.88168080646  2.933641E-16
3419.95162515077  3.350651E-16
3424.02156949509  2.954137E-16
3428.0915138394  3.240730E-16
3432.16145818372  3.111537E-16
3436.23140252803  3.589598E-16
3440.30134687235  3.238986E-16
3444.37129121666  3.155742E-16
3448.44123556098  3.145191E-16
3452.51117990529  2.918977E-16
3456.58112424961  2.987327E-16
3460.65106859392  2.937601E-16
3464.72101293824  2.863200E-16
3468.79095728255  3.331541E-16
3472.86090162687  2.926098E-16
3476.93084597118  2.945103E-16
3481.0007903155  2.811931E-16
3485.07073465981  3.148858E-16
3489.14067900413  2.588310E-16
3493.21062334844  3.057002E-16
3497.28056769276  3.357657E-16
3501.35051203707  3.047572E-16
3505.42045638139  3.567128E-16
3509.4904007257  3.112406E-16
3513.56034507001  2.875619E-16
3517.63028941433  3.614343E-16
3521.70023375864  3.677668E-16
3525.77017810296  3.471712E-16
3529.84012244727  3.645284E-16
3533.91006679159  2.729497E-16
3537.98001113591  3.326631E-16
3542.04995548022  3.338208E-16
3546.11989982453  3.817263E-16
3550.18984416885  3.440046E-16
3554.25978851316  2.973444E-16
3558.32973285748  3.627456E-16
3562.39967720179  3.142203E-16
3566.46962154611  2.955834E-16
3570.53956589042  3.269677E-16
3574.60951023474  3.196588E-16
3578.67945457905  3.509498E-16
3582.74939892337  3.250839E-16
3586.81934326768  2.828061E-16
3590.889287612  3.166354E-16
3594.95923195631  3.343839E-16
3599.02917630063  3.381339E-16
3603.09912064494  3.159251E-16
3607.16906498926  2.983690E-16
3611.23900933357  2.972234E-16
3615.30895367789  3.031026E-16
3619.3788980222  3.033820E-16
3623.44884236652  3.327864E-16
3627.51878671083  3.293701E-16
3631.58873105515  3.110374E-16
3635.65867539946  3.464113E-16
3639.72861974378  3.760719E-16
3643.79856408809  3.231347E-16
3647.86850843241  3.295086E-16
3651.93845277672  3.449606E-16
3656.00839712104  3.561086E-16
3660.07834146535  3.134534E-16
3664.14828580967  3.307070E-16
3668.21823015398  3.417408E-16
3672.2881744983  3.144750E-16
3676.35811884261  3.387995E-16
3680.42806318693  3.507898E-16
3684.49800753124  3.488867E-16
3688.56795187556  3.571857E-16
3692.63789621987  3.686122E-16
3696.70784056419  3.305613E-16
3700.7777849085  3.407791E-16
3704.84772925282  3.027226E-16
3708.91767359713  3.678196E-16
3712.98761794145  3.735171E-16
3717.05756228576  3.519858E-16
3721.12750663008  3.670258E-16
3725.19745097439  3.581736E-16
3729.26739531871  3.217377E-16
3733.33733966302  3.278343E-16
3737.40728400734  3.580147E-16
3741.47722835165  3.218954E-16
3745.54717269597  3.165922E-16
3749.61711704028  3.383305E-16
3753.6870613846  3.244280E-16
3757.75700572891  3.162913E-16
3761.82695007322  3.100139E-16
****************  3.349332E-16
3769.96683876186  3.449540E-16
****************  3.221253E-16
3778.10672745048  3.053705E-16
3782.1766717948  3.114195E-16
3786.24661613911  3.186391E-16
****************  3.366177E-16
3794.38650482774  3.336590E-16
****************  3.212439E-16
3802.52639351637  3.181124E-16
3806.59633786069  3.172836E-16
3810.666282205  3.011179E-16
3814.73622654932  3.168753E-16
3818.80617089363  3.129923E-16
3822.87611523795  3.171364E-16
3826.94605958226  3.245639E-16
3831.01600392658  3.335123E-16
3835.08594827089  3.291397E-16
3839.15589261521  3.201909E-16
3843.22583695952  3.140695E-16
3847.29578130384  3.304479E-16
3851.36572564815  3.178007E-16
3855.43566999247  3.062040E-16
3859.50561433678  3.076265E-16
3863.5755586811  2.875141E-16
3867.64550302541  3.221695E-16
3871.71544736973  3.025217E-16
3875.78539171404  3.231732E-16
3879.85533605836  3.201191E-16
3883.92528040267  3.092793E-16
3887.99522474699  3.240659E-16
3892.0651690913  3.143417E-16
3896.13511343562  2.957008E-16
3900.20505777993  3.284185E-16
3904.27500212425  3.153408E-16
3908.34494646856  3.140164E-16
3912.41489081288  3.078806E-16
3916.48483515719  3.216706E-16
3920.55477950151  3.265726E-16
3924.62472384582  3.149268E-16
3928.69466819014  3.324871E-16
3932.76461253445  3.320487E-16
3936.83455687877  3.196675E-16
3940.90450122308  2.992617E-16
3944.9744455674  2.933849E-16
3949.04438991171  3.047283E-16
3953.11433425603  2.907540E-16
3957.18427860034  2.999296E-16
3961.25422294466  3.054446E-16
3965.32416728897  3.207904E-16
3969.39411163329  3.099588E-16
3973.4640559776  3.241054E-16
3977.53400032192  3.344711E-16
3981.60394466623  3.352759E-16
3985.67388901055  3.158065E-16
3989.74383335486  3.091637E-16
3993.81377769918  3.238398E-16
3997.88372204349  3.242217E-16
4001.9536663878  3.430637E-16
4006.02361073212  3.260207E-16
4010.09355507644  3.307916E-16
4014.16349942075  3.405288E-16
4018.23344376507  3.356069E-16
4022.30338810938  3.158421E-16
4026.37333245369  3.307518E-16
4030.44327679801  3.288636E-16
4034.51322114232  3.122894E-16
4038.58316548664  3.376931E-16
4042.65310983095  3.260200E-16
****************  3.233539E-16
4050.79299851958  3.255208E-16
4054.8629428639  3.146796E-16
4058.93288720821  3.082320E-16
4063.00283155253  3.412612E-16
4067.07277589684  3.321754E-16
****************  3.071916E-16
4075.21266458547  3.095707E-16
4079.28260892979  3.221276E-16
4083.3525532741  3.279739E-16
4087.42249761842  2.911216E-16
4091.49244196273  2.845228E-16
4095.56238630705  2.978096E-16
4099.63233065136  3.088759E-16
4103.70227499568  3.208192E-16
4107.77221933999  3.144938E-16
4111.84216368431  3.013071E-16
4115.91210802862  2.946355E-16
4119.98205237294  3.209965E-16
4124.05199671725  2.971943E-16
4128.12194106157  3.067407E-16
4132.19188540588  2.952081E-16
4136.2618297502  2.877212E-16
4140.33177409451  3.071716E-16
4144.40171843883  3.097436E-16
4148.47166278314  3.001006E-16
4152.54160712746  3.105290E-16
4156.61155147177  3.073617E-16
4160.68149581609  3.085587E-16
4164.7514401604  3.020114E-16
****************  2.859204E-16
4172.89132884903  3.052258E-16
****************  3.094784E-16
****************  2.947666E-16
****************  2.921734E-16
****************  2.783288E-16
4193.24105057061  2.939567E-16
4197.31099491492  2.987333E-16
4201.38093925924  2.922533E-16
****************  3.099398E-16
4209.52082794786  3.173169E-16
4213.59077229218  2.951020E-16
4217.6607166365  2.930148E-16
4221.73066098081  3.098781E-16
****************  3.318373E-16
4229.87054966944  2.860738E-16
4233.94049401376  2.912239E-16
4238.01043835807  2.956736E-16
4242.08038270239  2.882878E-16
4246.1503270467  2.795738E-16
4250.22027139101  2.846020E-16
4254.29021573533  2.821871E-16
4258.36016007964  2.976735E-16
4262.43010442396  2.941254E-16
4266.50004876827  2.950926E-16
4270.56999311259  2.915471E-16
4274.6399374569  2.906933E-16
****************  2.825347E-16
4282.77982614553  2.900732E-16
4286.84977048985  2.788153E-16
4290.91971483416  2.858359E-16
4294.98965917848  2.843238E-16
****************  2.959107E-16
4303.12954786711  2.864749E-16
****************  2.933245E-16
4311.26943655574  2.898177E-16
4315.33938090005  2.845605E-16
4319.40932524437  2.688379E-16
4323.47926958868  2.826626E-16
4327.549213933  2.769043E-16
4331.61915827731  2.770774E-16
4335.68910262163  2.761871E-16
4339.75904696594  2.752593E-16
4343.82899131026  2.803041E-16
4347.89893565457  2.850265E-16
4351.96887999889  2.717842E-16
4356.0388243432  2.661390E-16
4360.10876868752  2.622669E-16
4364.17871303183  2.715043E-16
4368.24865737615  2.821941E-16
4372.31860172046  2.677457E-16
4376.38854606478  2.714328E-16
****************  2.767948E-16
4384.52843475341  2.756958E-16
4388.59837909772  2.732322E-16
4392.66832344204  2.818669E-16
4396.73826778635  2.825532E-16
4400.80821213067  2.635539E-16
4404.87815647498  2.813157E-16
4408.9481008193  2.590198E-16
4413.01804516361  2.452931E-16
4417.08798950793  2.499368E-16
4421.15793385224  2.471737E-16
4425.22787819656  2.514768E-16
4429.29782254087  2.501277E-16
4433.36776688519  2.658410E-16
4437.4377112295  2.558958E-16
4441.50765557382  2.606095E-16
4445.57759991813  2.589008E-16
4449.64754426245  2.676312E-16
4453.71748860676  2.675341E-16
4457.78743295108  2.631561E-16
4461.85737729539  2.634214E-16
4465.92732163971  2.756693E-16
4469.99726598402  2.586480E-16
4474.06721032834  2.650456E-16
4478.13715467265  2.670218E-16
4482.20709901696  2.515802E-16
4486.27704336128  2.462324E-16
4490.34698770559  2.582922E-16
4494.41693204991  2.683872E-16
4498.48687639423  2.630284E-16
4502.55682073854  2.568889E-16
4506.62676508285  2.467051E-16
4510.69670942717  2.520424E-16
4514.76665377149  2.428434E-16
***************  2.337513E-16
4522.90654246011  2.387724E-16
4526.97648680443  2.643714E-16
4531.04643114874  2.587642E-16
4535.11637549306  2.470507E-16
4539.18631983737  2.547570E-16
4543.25626418169  2.628797E-16
4547.326208526  2.686563E-16
4551.39615287032  2.472970E-16
4555.46609721463  2.572759E-16
****************  2.678277E-16
4563.60598590326  2.577668E-16
****************  2.562285E-16
4571.74587459189  2.495106E-16
4575.81581893621  2.495560E-16
****************  2.660165E-16
4583.95570762484  2.664031E-16
4588.02565196915  2.467494E-16
4592.09559631347  2.398659E-16
4596.16554065778  2.468878E-16
4600.2354850021  2.426919E-16
4604.30542934641  2.407924E-16
4608.37537369073  2.471753E-16
4612.44531803504  2.501268E-16
4616.51526237936  2.463850E-16
4620.58520672367  2.410009E-16
4624.65515106799  2.467123E-16
4628.7250954123  2.530824E-16
4632.79503975662  2.544650E-16
4636.86498410093  2.546285E-16
4640.93492844525  2.495547E-16
4645.00487278956  2.420002E-16
4649.07481713388  2.472333E-16
4653.14476147819  2.464096E-16
4657.21470582251  2.430503E-16
4661.28465016682  2.475711E-16
4665.35459451114  2.474391E-16
4669.42453885545  2.690190E-16
****************  2.509924E-16
4677.56442754408  2.466217E-16
4681.6343718884  2.375959E-16
4685.70431623271  2.367139E-16
****************  2.446194E-16
4693.84420492134  2.396499E-16
****************  2.450666E-16
4701.98409360997  2.560159E-16
4706.05403795428  2.415525E-16
4710.1239822986  2.258673E-16
4714.19392664292  2.356990E-16
4718.26387098723  2.501557E-16
4722.33381533155  2.299081E-16
4726.40375967586  2.309302E-16
****************  2.358567E-16
4734.54364836449  2.219172E-16
4738.6135927088  2.250655E-16
****************  2.321722E-16
4746.75348139744  2.361690E-16
4750.82342574175  2.478706E-16
4754.89337008606  2.307190E-16
4758.96331443038  2.444729E-16
4763.03325877469  2.403016E-16
4767.10320311901  2.420868E-16
4771.17314746332  2.383355E-16
4775.24309180764  2.239081E-16
4779.31303615195  2.321191E-16
4783.38298049627  2.377359E-16
4787.45292484058  2.396785E-16
4791.5228691849  2.400144E-16
4795.59281352921  2.434206E-16
4799.66275787353  2.498607E-16
4803.73270221784  2.407806E-16
4807.80264656216  2.387698E-16
4811.87259090647  2.570830E-16
4815.94253525079  2.446694E-16
4820.0124795951  2.571526E-16
****************  2.537299E-16
4828.15236828373  2.523727E-16
****************  2.475607E-16
****************  2.379357E-16
4840.36220131668  2.322113E-16
4844.43214566099  2.330758E-16
****************  2.260880E-16
4852.57203434962  2.301705E-16
4856.64197869394  2.249677E-16
4860.71192303825  2.373192E-16
4864.78186738257  2.441367E-16
4868.85181172688  2.298123E-16
4872.9217560712  2.305884E-16
4876.99170041551  2.388157E-16
4881.06164475983  2.236246E-16
4885.13158910414  2.220154E-16
4889.20153344846  2.192957E-16
4893.27147779277  2.105497E-16
4897.34142213709  2.310896E-16
4901.4113664814  2.420321E-16
4905.48131082572  2.432798E-16
4909.55125517003  2.505912E-16
4913.62119951434  2.523607E-16
4917.69114385866  2.471314E-16
4921.76108820298  2.540629E-16
4925.83103254729  2.644660E-16
4929.90097689161  2.553876E-16
4933.97092123592  2.460404E-16
4938.04086558024  2.528431E-16
4942.11080992455  2.527557E-16
4946.18075426887  2.513115E-16
4950.25069861318  2.564902E-16
4954.32064295749  2.535272E-16
4958.39058730181  2.629062E-16
****************  2.641832E-16
4966.53047599044  2.562359E-16
****************  2.559715E-16
4974.67036467907  2.393677E-16
4978.74030902339  2.342032E-16
4982.8102533677  2.525300E-16
4986.88019771201  2.540041E-16
4990.95014205633  2.595356E-16
****************  2.462025E-16
4999.09003074496  2.472007E-16
5003.15997508927  2.667355E-16
5007.22991943359  2.599287E-16
5011.2998637779  2.415525E-16
5015.36980812222  2.519250E-16
5019.43975246653  2.657456E-16
5023.50969681085  2.541651E-16
5027.57964115517  2.618172E-16
5031.64958549948  2.456460E-16
5035.71952984379  2.468779E-16
5039.78947418811  2.465701E-16
5043.85941853242  2.480210E-16
5047.92936287674  2.475409E-16
5051.99930722105  2.422370E-16
5056.06925156537  2.414319E-16
5060.13919590968  2.484135E-16
5064.209140254  2.563519E-16
5068.27908459831  2.417911E-16
5072.34902894263  2.390271E-16
5076.41897328694  2.352312E-16
5080.48891763126  2.575004E-16
5084.55886197557  2.583523E-16
5088.62880631989  2.459592E-16
5092.6987506642  2.423394E-16
5096.76869500852  2.408101E-16
5100.83863935283  2.405298E-16
5104.90858369715  2.334042E-16
5108.97852804146  2.406698E-16
5113.04847238578  2.378757E-16
5117.11841673009  2.316122E-16
5121.18836107441  2.375352E-16
5125.25830541872  2.378036E-16
5129.32824976304  2.458572E-16
5133.39819410735  2.352665E-16
5137.46813845167  2.173895E-16
5141.53808279598  2.347816E-16
5145.6080271403  2.449833E-16
5149.67797148461  2.389379E-16
5153.74791582893  2.453038E-16
5157.81786017324  2.456064E-16
5161.88780451756  2.364582E-16
5165.95774886187  2.562053E-16
5170.02769320619  2.506623E-16
5174.0976375505  2.406912E-16
5178.16758189482  2.390944E-16
5182.23752623913  2.269765E-16
5186.30747058345  2.363141E-16
5190.37741492776  2.375947E-16
5194.44735927207  2.384929E-16
5198.51730361639  2.446266E-16
5202.58724796071  2.334699E-16
5206.65719230502  2.158361E-16
5210.72713664934  2.347765E-16
5214.79708099365  2.293173E-16
5218.86702533797  2.362512E-16
5222.93696968228  2.531639E-16
5227.00691402659  2.547634E-16
5231.07685837091  2.491218E-16
5235.14680271522  2.252845E-16
5239.21674705954  2.355055E-16
5243.28669140385  2.433936E-16
5247.35663574817  2.425194E-16
5251.42658009248  2.555849E-16
5255.4965244368  2.497807E-16
5259.56646878112  2.302611E-16
5263.63641312543  2.370259E-16
5267.70635746974  2.424818E-16
5271.77630181406  2.342609E-16
5275.84624615837  2.286045E-16
5279.91619050269  2.179465E-16
5283.986134847  2.272543E-16
5288.05607919132  2.176773E-16
5292.12602353563  2.281277E-16
5296.19596787995  2.307837E-16
5300.26591222426  2.208679E-16
5304.33585656858  2.185621E-16
5308.40580091289  2.230874E-16
5312.47574525721  2.133100E-16
5316.54568960152  2.349690E-16
5320.61563394584  2.439778E-16
5324.68557829015  2.645876E-16
5328.75552263447  2.748577E-16
5332.82546697878  2.545509E-16
5336.8954113231  2.486564E-16
5340.96535566741  2.345197E-16
5345.03530001173  2.275494E-16
5349.10524435604  2.321211E-16
5353.17518870036  2.282104E-16
5357.24513304467  2.426353E-16
5361.31507738899  2.546362E-16
5365.3850217333  2.465181E-16
5369.45496607762  2.489473E-16
5373.52491042193  2.556234E-16
5377.59485476625  2.574958E-16
5381.66479911056  2.548557E-16
5385.73474345488  2.519485E-16
5389.80468779919  2.473438E-16
5393.87463214351  2.452605E-16
5397.94457648782  2.245261E-16
5402.01452083214  2.313712E-16
5406.08446517645  2.457267E-16
5410.15440952077  2.339701E-16
5414.22435386508  2.229533E-16
5418.2942982094  2.193049E-16
5422.36424255371  2.322590E-16
5426.43418689803  2.341358E-16
5430.50413124234  2.331832E-16
5434.57407558666  2.377942E-16
5438.64401993097  2.291628E-16
5442.71396427529  2.401605E-16
5446.7839086196  2.542018E-16
5450.85385296392  2.546190E-16
5454.92379730823  2.406396E-16
5458.99374165255  2.342905E-16
5463.06368599686  2.391931E-16
5467.13363034118  2.383528E-16
5471.20357468549  2.396609E-16
5475.2735190298  2.426118E-16
5479.34346337412  2.299189E-16
5483.41340771844  2.365394E-16
5487.48335206275  2.463523E-16
5491.55329640706  2.480204E-16
5495.62324075138  2.323924E-16
5499.69318509569  2.381952E-16
5503.76312944001  2.412911E-16
5507.83307378432  2.335495E-16
5511.90301812864  2.339132E-16
5515.97296247295  2.253530E-16
5520.04290681727  2.388357E-16
5524.11285116158  2.445952E-16
5528.1827955059  2.431583E-16
5532.25273985021  2.559988E-16
5536.32268419453  2.438252E-16
5540.39262853884  2.381598E-16
5544.46257288316  2.476459E-16
5548.53251722747  2.511591E-16
5552.60246157179  2.537040E-16
5556.6724059161  2.505352E-16
5560.74235026042  2.617642E-16
5564.81229460473  2.718803E-16
5568.88223894905  2.196245E-16
5572.95218329336  2.309647E-16
5577.02212763768  2.539029E-16
5581.09207198199  2.464771E-16
5585.16201632631  2.163125E-16
5589.23196067062  2.414659E-16
5593.30190501494  2.364292E-16
5597.37184935925  2.386327E-16
5601.44179370357  2.441321E-16
5605.51173804788  2.440355E-16
5609.5816823922  2.554066E-16
5613.65162673651  2.520428E-16
5617.72157108083  2.468454E-16
5621.79151542514  2.539455E-16
5625.86145976946  2.566864E-16
5629.93140411377  2.504619E-16
5634.00134845809  2.465149E-16
5638.0712928024  2.743611E-16
5642.14123714672  2.756105E-16
5646.21118149103  2.912297E-16
5650.28112583535  2.663379E-16
5654.35107017966  2.484153E-16
5658.42101452398  2.540466E-16
5662.49095886829  2.330857E-16
5666.56090321261  2.367568E-16
5670.63084755692  2.441323E-16
5674.70079190124  2.528778E-16
5678.77073624555  2.567788E-16
5682.84068058987  2.448680E-16
5686.91062493418  2.497036E-16
5690.9805692785  2.593181E-16
5695.05051362281  2.501625E-16
5699.12045796712  2.490243E-16
5703.19040231144  2.440837E-16
5707.26034665576  2.465242E-16
5711.33029100007  2.524495E-16
5715.40023534439  2.405222E-16
5719.4701796887  2.465526E-16
5723.54012403301  2.542622E-16
5727.61006837733  2.403923E-16
5731.68001272165  2.324370E-16
5735.74995706596  2.539541E-16
5739.81990141027  2.459042E-16
5743.88984575459  2.298213E-16
5747.9597900989  2.380684E-16
5752.02973444322  2.426593E-16
5756.09967878753  2.415955E-16
5760.16962313185  2.380303E-16
5764.23956747616  2.475868E-16
5768.30951182048  2.502891E-16
5772.37945616479  2.387620E-16
5776.44940050911  2.310311E-16
5780.51934485342  2.287680E-16
5784.58928919774  2.346608E-16
5788.65923354205  2.285963E-16
5792.72917788637  2.239665E-16
5796.79912223068  2.317050E-16
5800.869066575  2.383304E-16
5804.93901091931  2.481554E-16
5809.00895526363  2.373672E-16
5813.07889960794  2.466004E-16
5817.14884395226  2.494405E-16
5821.21878829657  2.466267E-16
5825.28873264089  2.393067E-16
5829.3586769852  2.279349E-16
5833.42862132952  2.282920E-16
5837.49856567383  2.469710E-16
5841.56851001815  2.458722E-16
5845.63845436246  2.514783E-16
5849.70839870678  2.572764E-16
5853.77834305109  2.609899E-16
5857.84828739541  2.434218E-16
5861.91823173972  2.251476E-16
5865.98817608404  2.404311E-16
5870.05812042835  2.417916E-16
5874.12806477267  2.244790E-16
5878.19800911698  2.267493E-16
5882.2679534613  2.289069E-16
5886.33789780561  2.441755E-16
5890.40784214993  2.597389E-16
5894.47778649424  2.555838E-16
5898.54773083856  2.478408E-16
5902.61767518287  2.406139E-16
5906.68761952719  2.392390E-16
5910.7575638715  2.475335E-16
5914.82750821582  2.438036E-16
5918.89745256013  2.416333E-16
5922.96739690445  2.247019E-16
5927.03734124876  2.226778E-16
5931.10728559308  2.204950E-16
5935.17722993739  2.276734E-16
5939.24717428171  2.425772E-16
5943.31711862602  2.162901E-16
5947.38706297033  2.045590E-16
5951.45700731465  2.283821E-16
5955.52695165897  2.389398E-16
5959.59689600328  2.332975E-16
5963.6668403476  2.311883E-16
5967.73678469191  2.305915E-16
5971.80672903622  2.257430E-16
5975.87667338054  2.314252E-16
5979.94661772485  2.180091E-16
5984.01656206917  2.062315E-16
5988.08650641348  2.151639E-16
5992.1564507578  2.294963E-16
5996.22639510211  2.193484E-16
6000.29633944643  2.175261E-16
6004.36628379074  2.188037E-16
6008.43622813506  2.111572E-16
6012.50617247937  2.175069E-16
6016.57611682369  2.300971E-16
6020.646061168  2.344974E-16
6024.71600551232  2.357091E-16
6028.78594985663  2.370191E-16
6032.85589420095  2.341632E-16
6036.92583854526  2.260841E-16
6040.99578288958  2.229783E-16
6045.06572723389  2.275781E-16
6049.13567157821  2.336215E-16
6053.20561592252  2.327456E-16
6057.27556026684  2.159430E-16
6061.34550461115  2.196912E-16
6065.41544895547  2.210116E-16
6069.48539329978  2.166150E-16
6073.5553376441  2.214859E-16
6077.62528198841  2.256223E-16
6081.69522633273  2.273100E-16
6085.76517067704  2.236039E-16
6089.83511502136  2.252697E-16
6093.90505936567  2.253715E-16
6097.97500370999  2.287313E-16
6102.0449480543  2.338574E-16
6106.11489239862  2.109375E-16
6110.18483674293  2.165352E-16
6114.25478108725  2.201800E-16
6118.32472543156  2.172638E-16
6122.39466977588  2.181935E-16
6126.46461412019  2.236996E-16
6130.53455846451  2.295101E-16
6134.60450280882  2.267164E-16
6138.67444715314  2.183927E-16
6142.74439149745  2.238212E-16
6146.81433584177  2.202190E-16
6150.88428018608  2.196635E-16
6154.9542245304  2.156104E-16
6159.02416887471  2.179368E-16
6163.09411321903  2.160890E-16
6167.16405756334  2.089425E-16
6171.23400190766  2.093484E-16
6175.30394625197  2.135512E-16
6179.37389059629  2.080860E-16
6183.4438349406  2.178952E-16
6187.51377928492  2.208493E-16
6191.58372362923  2.176456E-16
6195.65366797355  2.226263E-16
6199.72361231786  2.164367E-16
6203.79355666217  2.138013E-16
6207.86350100649  2.209524E-16
6211.9334453508  2.131308E-16
6216.00338969512  2.126927E-16
6220.07333403943  2.155610E-16
6224.14327838375  2.168878E-16
6228.21322272806  2.182726E-16
6232.28316707238  2.129937E-16
6236.35311141669  2.154039E-16
6240.42305576101  2.063342E-16
6244.49300010533  1.977491E-16
6248.56294444964  2.122898E-16
6252.63288879395  2.050200E-16
6256.70283313827  2.046448E-16
6260.77277748258  2.107969E-16
6264.8427218269  2.083645E-16
6268.91266617121  1.984580E-16
6272.98261051553  2.147524E-16
6277.05255485984  2.093752E-16
6281.12249920416  2.095115E-16
6285.19244354847  2.078613E-16
6289.26238789279  2.134446E-16
6293.3323322371  2.155005E-16
6297.40227658142  2.000481E-16
6301.47222092573  1.992849E-16
6305.54216527005  2.007627E-16
6309.61210961436  2.030178E-16
6313.68205395868  2.016638E-16
6317.75199830299  1.970565E-16
6321.82194264731  2.074604E-16
6325.89188699162  2.057869E-16
6329.96183133594  2.059065E-16
6334.03177568025  2.081821E-16
6338.10172002457  2.053671E-16
6342.17166436888  2.099702E-16
6346.2416087132  2.071645E-16
6350.31155305751  2.011198E-16
6354.38149740183  1.942327E-16
6358.45144174614  1.966852E-16
6362.52138609046  1.951419E-16
6366.59133043477  1.879216E-16
6370.66127477909  1.923810E-16
6374.7312191234  1.944995E-16
6378.80116346772  1.946056E-16
6382.87110781203  1.931105E-16
6386.94105215635  1.971484E-16
6391.01099650066  2.049442E-16
6395.08094084498  2.067030E-16
6399.15088518929  2.006965E-16
6403.22082953361  2.074135E-16
6407.29077387792  2.120978E-16
6411.36071822224  2.093828E-16
6415.43066256655  2.129546E-16
6419.50060691086  2.117093E-16
6423.57055125518  2.128645E-16
6427.6404955995  2.130013E-16
6431.71043994381  2.080183E-16
6435.78038428812  2.165155E-16
6439.85032863244  2.061564E-16
6443.92027297675  2.072515E-16
6447.99021732107  2.080786E-16
6452.06016166538  2.047025E-16
6456.1301060097  2.106902E-16
6460.20005035401  2.125467E-16
6464.26999469833  2.132536E-16
6468.33993904265  2.075592E-16
6472.40988338696  2.074904E-16
6476.47982773127  2.088860E-16
6480.54977207559  2.011038E-16
6484.6197164199  2.024177E-16
6488.68966076422  2.089173E-16
6492.75960510853  2.101139E-16
6496.82954945285  2.042706E-16
6500.89949379716  1.993414E-16
6504.96943814148  2.041677E-16
6509.03938248579  2.060199E-16
6513.10932683011  2.115259E-16
6517.17927117442  2.162132E-16
6521.24921551874  2.202007E-16
6525.31915986306  2.254570E-16
6529.38910420737  2.255537E-16
6533.45904855168  2.202163E-16
6537.528992896  2.110915E-16
6541.59893724031  2.144381E-16
6545.66888158463  2.277120E-16
6549.73882592894  2.231025E-16
6553.80877027326  2.171441E-16
6557.87871461757  2.128574E-16
6561.94865896189  2.138973E-16
6566.0186033062  2.091969E-16
6570.08854765052  2.052999E-16
6574.15849199483  2.111145E-16
6578.22843633915  2.176847E-16
6582.29838068346  2.163845E-16
6586.36832502778  2.197586E-16
6590.43826937209  2.231731E-16
6594.50821371641  2.231469E-16
6598.57815806072  2.324347E-16
6602.64810240504  2.257742E-16
6606.71804674935  2.173422E-16
6610.78799109367  2.144683E-16
6614.85793543798  2.197034E-16
6618.9278797823  2.150952E-16
6622.99782412661  2.123755E-16
6627.06776847093  2.118778E-16
6631.13771281524  2.142818E-16
6635.20765715956  2.189262E-16
6639.27760150387  2.222553E-16
6643.34754584819  2.144929E-16
6647.4174901925  2.198558E-16
6651.48743453682  2.175573E-16
6655.55737888113  2.100344E-16
6659.62732322545  2.098571E-16
6663.69726756976  2.139987E-16
6667.76721191408  2.171127E-16
6671.83715625839  2.107922E-16
6675.90710060271  2.066448E-16
6679.97704494702  2.110391E-16
6684.04698929133  2.135545E-16
6688.11693363565  2.196909E-16
6692.18687797997  2.161568E-16
6696.25682232428  2.090288E-16
6700.32676666859  2.148965E-16
6704.39671101291  2.195796E-16
6708.46665535723  2.097978E-16
6712.53659970154  2.008903E-16
6716.60654404585  2.068915E-16
6720.67648839017  2.179658E-16
6724.74643273448  2.173423E-16
6728.8163770788  2.163532E-16
6732.88632142311  2.121260E-16
6736.95626576743  2.078065E-16
6741.02621011174  2.100843E-16
6745.09615445606  2.076216E-16
6749.16609880037  2.126724E-16
6753.23604314469  2.133003E-16
6757.305987489  2.062198E-16
6761.37593183332  2.051886E-16
6765.44587617763  2.043653E-16
6769.51582052195  2.094357E-16
6773.58576486626  2.133323E-16
6777.65570921058  2.119394E-16
6781.72565355489  2.068620E-16
6785.79559789921  2.085293E-16
6789.86554224352  2.084237E-16
6793.93548658784  2.107263E-16
6798.00543093215  2.070084E-16
6802.07537527647  2.065363E-16
6806.14531962078  2.088450E-16
6810.2152639651  2.016402E-16
6814.28520830941  2.032378E-16
6818.35515265373  2.095436E-16
6822.42509699804  2.095079E-16
6826.49504134236  2.014009E-16
6830.56498568667  2.086625E-16
6834.63493003099  2.032440E-16
6838.7048743753  1.983176E-16
6842.77481871962  1.932374E-16
6846.84476306393  1.972602E-16
6850.91470740825  2.023353E-16
6854.98465175256  1.980304E-16
6859.05459609688  1.965236E-16
6863.12454044119  1.922993E-16
6867.19448478551  1.951372E-16
6871.26442912982  2.017242E-16
6875.33437347414  1.967186E-16
6879.40431781845  1.974377E-16
6883.47426216277  1.933447E-16
6887.54420650708  1.972032E-16
6891.6141508514  1.911960E-16
6895.68409519571  1.931399E-16
6899.75403954003  1.899372E-16
6903.82398388434  1.897781E-16
6907.89392822865  2.040051E-16
6911.96387257297  2.077791E-16
6916.03381691728  2.032329E-16
6920.1037612616  2.039067E-16
6924.17370560592  1.955981E-16
6928.24364995023  1.905315E-16
6932.31359429454  1.929614E-16
6936.38353863886  2.032997E-16
6940.45348298317  2.029101E-16
6944.52342732749  2.013200E-16
6948.59337167181  2.004159E-16
6952.66331601612  1.971185E-16
6956.73326036044  1.978764E-16
6960.80320470475  1.973782E-16
6964.87314904906  1.973469E-16
6968.94309339338  2.005996E-16
6973.01303773769  2.002119E-16
6977.08298208201  2.023589E-16
6981.15292642632  1.942795E-16
6985.22287077064  1.957113E-16
6989.29281511495  2.034441E-16
6993.36275945927  1.950386E-16
6997.43270380358  1.921835E-16
7001.5026481479  2.020686E-16
7005.57259249221  2.007988E-16
7009.64253683653  1.907018E-16
7013.71248118084  1.893512E-16
7017.78242552516  1.943205E-16
7021.85236986947  1.986227E-16
7025.92231421379  2.036169E-16
7029.9922585581  2.017562E-16
7034.06220290242  1.996323E-16
7038.13214724673  2.028968E-16
7042.20209159105  2.116034E-16
7046.27203593536  2.029893E-16
7050.34198027968  2.010873E-16
7054.41192462399  2.114048E-16
7058.48186896831  2.138601E-16
7062.55181331262  2.023286E-16
7066.62175765694  2.025344E-16
7070.69170200125  2.089076E-16
7074.76164634557  2.122750E-16
7078.83159068988  2.036153E-16
7082.9015350342  1.920710E-16
7086.97147937851  2.000496E-16
7091.04142372283  2.120849E-16
7095.11136806714  1.995723E-16
7099.18131241146  1.966785E-16
7103.25125675577  2.054621E-16
7107.32120110009  2.076361E-16
7111.3911454444  1.956993E-16
7115.46108978872  2.008307E-16
7119.53103413303  2.044269E-16
7123.60097847735  1.966591E-16
7127.67092282166  1.906465E-16
7131.74086716598  1.940425E-16
7135.81081151029  1.991851E-16
7139.88075585461  1.896915E-16
7143.95070019892  1.918934E-16
7148.02064454324  2.083984E-16
7152.09058888755  1.990581E-16
7156.16053323187  1.952367E-16
7160.23047757618  1.951000E-16
7164.30042192049  1.976073E-16
7168.37036626481  1.883557E-16
7172.44031060912  1.859399E-16
7176.51025495344  1.991509E-16
7180.58019929775  2.035852E-16
7184.65014364207  1.956678E-16
7188.72008798638  1.918038E-16
7192.7900323307  1.934627E-16
7196.85997667501  1.966696E-16
7200.92992101933  1.931760E-16
7204.99986536364  1.897469E-16
7209.06980970796  1.909828E-16
7213.13975405227  1.941754E-16
7217.20969839659  2.060921E-16
7221.2796427409  1.966276E-16
7225.34958708522  1.828686E-16
7229.41953142953  1.913584E-16
7233.48947577385  1.871092E-16
7237.55942011816  1.868170E-16
7241.62936446248  1.941210E-16
7245.69930880679  1.784537E-16
7249.76925315111  1.629319E-16
7253.83919749542  1.644057E-16
7257.90914183974  1.635527E-16
7261.97908618405  1.715549E-16
7266.04903052837  1.740181E-16
7270.11897487268  1.783804E-16
7274.188919217  1.842909E-16
7278.25886356131  1.894029E-16
7282.32880790563  1.848102E-16
7286.39875224994  1.938998E-16
7290.46869659426  1.905232E-16
7294.53864093857  1.709842E-16
7298.60858528289  1.765117E-16
7302.6785296272  1.866366E-16
7306.74847397152  1.754794E-16
7310.81841831583  1.873135E-16
7314.88836266015  1.891936E-16
7318.95830700446  1.853327E-16
7323.02825134878  1.879696E-16
7327.09819569309  1.901149E-16
7331.16814003741  2.012345E-16
7335.23808438172  1.998535E-16
7339.30802872604  1.891987E-16
7343.37797307035  2.019757E-16
7347.44791741467  1.985216E-16
7351.51786175898  1.870810E-16
7355.5878061033  1.800661E-16
7359.65775044761  1.896134E-16
7363.72769479193  1.861299E-16
7367.79763913624  1.813470E-16
7371.86758348056  1.832767E-16
7375.93752782487  1.927770E-16
7380.00747216919  1.871945E-16
7384.0774165135  1.868966E-16
7388.14736085782  1.903880E-16
7392.21730520213  1.965005E-16
7396.28724954645  1.864683E-16
7400.35719389076  1.921162E-16
7404.42713823508  1.872171E-16
7408.49708257939  1.917798E-16
7412.56702692371  1.953538E-16
7416.63697126802  1.832874E-16
7420.70691561233  1.830221E-16
7424.77685995665  1.862506E-16
7428.84680430096  1.876629E-16
7432.91674864528  1.886315E-16
7436.9866929896  1.865129E-16
7441.05663733391  1.948383E-16
7445.12658167822  1.943357E-16
7449.19652602254  1.966554E-16
7453.26647036685  1.860935E-16
7457.33641471117  1.829059E-16
7461.40635905548  1.852935E-16
7465.4763033998  1.873329E-16
7469.54624774411  1.916746E-16
7473.61619208843  1.933038E-16
7477.68613643274  1.894160E-16
7481.75608077706  1.992846E-16
7485.82602512137  2.102426E-16
7489.89596946569  1.864539E-16
7493.96591381  1.825345E-16
7498.03585815432  1.818095E-16
7502.10580249863  1.853510E-16
7506.17574684295  1.798448E-16
7510.24569118726  1.803002E-16
7514.31563553158  1.783322E-16
7518.38557987589  1.697484E-16
7522.45552422021  1.699632E-16
7526.52546856452  1.759893E-16
7530.59541290884  1.755581E-16
7534.66535725315  1.717284E-16
7538.73530159747  1.766164E-16
7542.80524594178  1.800340E-16
7546.8751902861  1.785851E-16
7550.94513463041  1.788342E-16
7555.01507897473  1.853839E-16
7559.08502331904  1.969368E-16
7563.15496766336  1.911741E-16
7567.22491200767  1.801313E-16
7571.29485635199  1.734960E-16
7575.3648006963  1.644779E-16
7579.43474504062  1.635656E-16
7583.50468938493  1.608297E-16
7587.57463372925  1.608900E-16
7591.64457807356  1.575850E-16
7595.71452241788  1.610747E-16
7599.78446676219  1.504718E-16
7603.85441110651  1.771473E-16
7607.92435545082  2.113867E-16
7611.99429979514  2.150606E-16
7616.06424413945  1.984480E-16
7620.13418848377  1.816357E-16
7624.20413282808  1.760546E-16
7628.2740771724  1.922888E-16
7632.34402151671  1.970533E-16
7636.41396586102  1.854540E-16
7640.48391020534  1.879945E-16
7644.55385454965  1.806604E-16
7648.62379889397  1.787006E-16
7652.69374323829  1.778952E-16
7656.7636875826  1.649304E-16
7660.83363192691  1.726959E-16
7664.90357627123  1.769798E-16
7668.97352061554  1.754663E-16
7673.04346495986  1.747790E-16
7677.11340930417  1.744497E-16
7681.18335364849  1.681213E-16
7685.25329799281  1.695919E-16
7689.32324233712  1.606507E-16
7693.39318668143  1.609139E-16
7697.46313102575  1.565565E-16
7701.53307537006  1.440897E-16
7705.60301971438  1.490554E-16
7709.67296405869  1.552606E-16
7713.74290840301  1.522097E-16
7717.81285274732  1.351957E-16
7721.88279709164  1.405145E-16
7725.95274143595  1.616843E-16
7730.02268578027  1.715894E-16
7734.09263012458  1.747367E-16
7738.1625744689  1.670417E-16
7742.23251881321  1.598788E-16
7746.30246315753  1.663088E-16
7750.37240750184  1.744100E-16
7754.44235184616  1.607003E-16
7758.51229619047  1.509855E-16
7762.58224053479  1.605012E-16
7766.6521848791  1.776383E-16
7770.72212922342  1.781245E-16
7774.79207356773  1.746869E-16
7778.86201791205  1.903869E-16
7782.93196225636  1.883805E-16
7787.00190660068  1.841873E-16
7791.07185094499  2.030438E-16
7795.14179528931  2.027108E-16
7799.21173963362  1.850197E-16
7803.28168397794  1.877315E-16
7807.35162832225  1.978039E-16
7811.42157266657  1.887017E-16
7815.49151701088  1.770579E-16
7819.5614613552  1.791816E-16
7823.63140569951  1.730132E-16
7827.70135004383  1.679372E-16
7831.77129438814  1.570000E-16
7835.84123873246  1.737293E-16
7839.91118307677  1.765501E-16
7843.98112742109  1.798383E-16
7848.0510717654  1.914461E-16
7852.12101610972  1.992896E-16
7856.19096045403  1.891067E-16
7860.26090479835  1.934711E-16
7864.33084914266  2.007924E-16
7868.40079348698  1.925426E-16
7872.47073783129  1.875411E-16
7876.54068217561  1.777923E-16
7880.61062651992  1.767550E-16
7884.68057086423  1.864094E-16
7888.75051520855  1.958521E-16
7892.82045955286  2.050897E-16
7896.89040389718  2.117096E-16
7900.9603482415  2.214999E-16
7905.03029258581  2.144203E-16
7909.10023693013  1.942651E-16
7913.17018127444  1.936582E-16
7917.24012561875  2.018657E-16
7921.31006996307  2.032638E-16
7925.38001430738  1.941407E-16
7929.4499586517  2.009580E-16
7933.51990299601  1.945603E-16
7937.58984734033  1.837931E-16
7941.65979168464  1.970018E-16
7945.72973602896  1.876412E-16
7949.79968037327  1.776481E-16
7953.86962471759  1.731005E-16
7957.9395690619  1.750047E-16
7962.00951340622  1.854278E-16
7966.07945775053  1.804804E-16
7970.14940209485  1.889600E-16
7974.21934643916  1.903170E-16
7978.28929078348  1.789672E-16
7982.35923512779  1.716132E-16
7986.42917947211  1.764357E-16
7990.49912381642  1.777198E-16
7994.56906816074  1.736979E-16
7998.63901250505  1.860996E-16
8002.70895684937  1.908091E-16
8006.77890119368  1.912079E-16
8010.848845538  1.936028E-16
8014.91878988231  1.903275E-16
8018.98873422663  1.874135E-16
8023.05867857094  1.843774E-16
8027.12862291526  1.916873E-16
8031.19856725957  1.902774E-16
8035.26851160389  1.881701E-16
8039.3384559482  1.884572E-16
8043.40840029252  1.846084E-16
8047.47834463683  1.849960E-16
8051.54828898115  1.899020E-16
8055.61823332546  1.971573E-16
8059.68817766978  1.902804E-16
8063.75812201409  1.920995E-16
8067.82806635841  2.039419E-16
8071.89801070272  1.940666E-16
8075.96795504704  1.902881E-16
8080.03789939135  2.049471E-16
8084.10784373567  1.991495E-16
8088.17778807998  1.914235E-16
8092.2477324243  1.903336E-16
8096.31767676861  1.914087E-16
8100.38762111293  2.002169E-16
8104.45756545724  2.105742E-16
8108.52750980155  2.056721E-16
8112.59745414587  1.991137E-16
8116.66739849018  1.913466E-16
8120.7373428345  1.810541E-16
8124.80728717881  1.834385E-16
8128.87723152313  1.794632E-16
8132.94717586745  1.793826E-16
8137.01712021176  1.803130E-16
8141.08706455608  1.688907E-16
8145.15700890039  1.756663E-16
8149.2269532447  1.779340E-16
8153.29689758902  1.728590E-16
8157.36684193333  1.737956E-16
8161.43678627765  1.760650E-16
8165.50673062196  1.703988E-16
8169.57667496628  1.801051E-16
8173.64661931059  1.675186E-16
8177.71656365491  1.760777E-16
8181.78650799922  1.768722E-16
8185.85645234354  1.623927E-16
8189.92639668785  1.625230E-16
8193.99634103217  1.745445E-16
8198.06628537648  1.681503E-16
8202.1362297208  1.855216E-16
8206.20617406511  1.780464E-16
8210.27611840943  1.655629E-16
8214.34606275374  1.571008E-16
8218.41600709806  1.615115E-16
8222.48595144237  1.632425E-16
8226.55589578669  1.603036E-16
8230.625840131  1.605636E-16
8234.69578447532  1.584233E-16
8238.76572881963  1.618552E-16
8242.83567316395  1.686783E-16
8246.90561750826  1.730848E-16
8250.97556185258  1.727983E-16
8255.04550619689  1.701475E-16
8259.11545054121  1.648168E-16
8263.18539488552  1.573988E-16
8267.25533922984  1.549577E-16
8271.32528357415  1.740943E-16
8275.39522791847  1.926261E-16
8279.46517226278  1.790568E-16
8283.5351166071  2.126020E-16
8287.60506095141  1.707534E-16
8291.67500529573  1.509554E-16
8295.74494964004  1.629590E-16
8299.81489398436  1.794619E-16
8303.88483832867  1.777116E-16
8307.95478267299  1.592205E-16
8312.0247270173  1.609204E-16
8316.09467136162  1.622352E-16
8320.16461570593  1.560761E-16
8324.23456005025  1.617957E-16
8328.30450439456  1.589529E-16
8332.37444873888  1.602465E-16
8336.44439308319  1.616685E-16
8340.51433742751  1.527031E-16
8344.58428177182  1.652596E-16
8348.65422611614  1.694315E-16
8352.72417046045  1.634139E-16
8356.79411480477  1.551889E-16
8360.86405914908  1.605052E-16
8364.9340034934  1.718810E-16
8369.00394783771  1.702387E-16
8373.07389218202  1.683499E-16
8377.14383652634  1.699097E-16
8381.21378087065  1.657019E-16
8385.28372521497  1.583410E-16
8389.35366955928  1.630846E-16
8393.4236139036  1.650779E-16
8397.49355824791  1.563679E-16
8401.56350259223  1.575635E-16
8405.63344693654  1.523454E-16
8409.70339128086  1.539038E-16
8413.77333562518  1.528781E-16
8417.84327996949  1.500219E-16
8421.91322431381  1.581391E-16
8425.98316865812  1.630622E-16
8430.05311300243  1.732955E-16
8434.12305734675  1.624701E-16
8438.19300169106  1.603390E-16
8442.26294603538  1.621640E-16
8446.33289037969  1.505354E-16
8450.40283472401  1.664721E-16
8454.47277906832  1.669158E-16
8458.54272341264  1.663577E-16
8462.61266775695  1.714658E-16
8466.68261210127  1.806869E-16
8470.75255644558  1.712780E-16
8474.8225007899  1.568955E-16
8478.89244513421  1.641894E-16
8482.96238947853  1.688328E-16
8487.03233382284  1.691911E-16
8491.10227816716  1.720212E-16
8495.17222251147  1.735480E-16
8499.24216685579  1.754457E-16
8503.3121112001  1.658237E-16
8507.38205554442  1.648259E-16
8511.45199988873  1.798090E-16
8515.52194423305  1.772133E-16
8519.59188857736  1.703180E-16
8523.66183292168  1.731563E-16
8527.73177726599  1.747175E-16
8531.80172161031  1.679585E-16
8535.87166595462  1.575209E-16
8539.94161029894  1.618110E-16
8544.01155464325  1.703797E-16
8548.08149898757  1.680076E-16
8552.15144333188  1.697903E-16
8556.2213876762  1.743977E-16
8560.29133202051  1.696811E-16
8564.36127636482  1.644559E-16
8568.43122070914  1.717326E-16
8572.50116505345  1.636951E-16
8576.57110939777  1.590853E-16
8580.64105374209  1.502727E-16
8584.7109980864  1.541350E-16
8588.78094243072  1.695727E-16
8592.85088677503  1.677539E-16
8596.92083111935  1.533545E-16
8600.99077546366  1.652350E-16
8605.06071980798  1.764106E-16
8609.13066415229  1.953244E-16
8613.20060849661  2.130511E-16
8617.27055284092  2.014570E-16
8621.34049718523  1.879979E-16
8625.41044152955  1.766070E-16
8629.48038587386  1.934489E-16
8633.55033021818  2.026823E-16
8637.62027456249  1.773742E-16
8641.69021890681  1.667977E-16
8645.76016325113  1.670592E-16
8649.83010759544  1.682677E-16
8653.90005193975  1.616334E-16
8657.96999628407  1.311246E-16
8662.03994062838  1.248013E-16
8666.1098849727  1.488931E-16
8670.17982931701  1.662354E-16
8674.24977366133  1.765268E-16
8678.31971800564  1.945066E-16
8682.38966234996  1.978968E-16
8686.45960669427  1.725023E-16
8690.52955103859  1.565134E-16
8694.5994953829  1.537493E-16
8698.66943972722  1.480908E-16
8702.73938407153  1.572778E-16
8706.80932841585  1.632031E-16
8710.87927276016  1.531734E-16
8714.94921710448  1.441339E-16
8719.01916144879  1.452260E-16
8723.08910579311  1.499047E-16
8727.15905013742  1.509909E-16
8731.22899448174  1.491528E-16
8735.29893882605  1.482079E-16
8739.36888317037  1.572651E-16
8743.43882751468  1.634065E-16
8747.508771859  1.460522E-16
8751.57871620331  1.324236E-16
8755.64866054763  1.363988E-16
8759.71860489194  1.332350E-16
8763.78854923626  1.421115E-16
8767.85849358057  1.697639E-16
8771.92843792489  1.395136E-16
8775.9983822692  1.289493E-16
8780.06832661352  1.212030E-16
8784.13827095783  1.185562E-16
8788.20821530215  1.384891E-16
8792.27815964646  1.437974E-16
8796.34810399078  1.409978E-16
8800.41804833509  1.462370E-16
8804.48799267941  1.525325E-16
8808.55793702372  1.417238E-16
8812.62788136804  1.215359E-16
8816.69782571235  1.209100E-16
8820.76777005667  1.575552E-16
8824.83771440098  1.475870E-16
8828.9076587453  9.704425E-17
8832.97760308961  7.155286E-17
8837.04754743393  1.140356E-16
8841.11749177824  1.431659E-16
8845.18743612255  1.375613E-16
8849.25738046687  1.404998E-16
8853.32732481118  1.312552E-16
8857.3972691555  1.286473E-16
8861.46721349981  1.371160E-16
8865.53715784413  1.364838E-16
8869.60710218844  1.603419E-16
8873.67704653276  1.860249E-16
8877.74699087707  1.854586E-16
8881.81693522139  1.829411E-16
8885.8868795657  1.544673E-16
8889.95682391002  1.446425E-16
8894.02676825434  1.564606E-16
8898.09671259865  1.366300E-16
8902.16665694296  1.303631E-16
8906.23660128728  1.286976E-16
8910.30654563159  1.271702E-16
8914.37648997591  1.159374E-16
8918.44643432022  1.275055E-16
8922.51637866454  8.810278E-17
8926.58632300885  7.705002E-17
8930.65626735317  1.382756E-16
8934.72621169748  1.637848E-16
8938.7961560418  1.694318E-16
8942.86610038611  1.342748E-16
8946.93604473043  1.324794E-16
8951.00598907474  1.384304E-16
8955.07593341906  1.592051E-16
8959.14587776337  1.912549E-16
8963.21582210769  1.902942E-16
8967.285766452  1.680119E-16
8971.35571079632  1.526974E-16
8975.42565514063  1.451332E-16
8979.49559948495  1.433598E-16
8983.56554382926  1.506987E-16
8987.63548817358  1.543235E-16
8991.70543251789  1.524745E-16
8995.77537686221  1.506657E-16
8999.84532120652  1.716744E-16
9003.91526555084  1.910178E-16
9007.98520989515  1.814475E-16
9012.05515423947  1.735277E-16
9016.12509858378  1.650898E-16
9020.1950429281  1.634880E-16
9024.26498727241  1.697472E-16
9028.33493161673  1.649762E-16
9032.40487596104  1.709582E-16
9036.47482030536  1.673229E-16
9040.54476464967  1.580666E-16
9044.61470899399  1.557934E-16
9048.6846533383  1.527852E-16
9052.75459768262  1.485876E-16
9056.82454202693  1.427016E-16
9060.89448637125  1.465385E-16
9064.96443071556  1.459809E-16
9069.03437505988  1.368867E-16
9073.10431940419  1.338671E-16
9077.17426374851  1.439059E-16
9081.24420809282  1.565962E-16
9085.31415243714  1.654207E-16
9089.38409678145  1.684099E-16
9093.45404112577  1.572358E-16
9097.52398547008  1.519987E-16
9101.59392981439  1.608318E-16
9105.66387415871  1.542465E-16
9109.73381850302  1.504424E-16
9113.80376284734  1.574075E-16
9117.87370719165  1.464394E-16
9121.94365153597  1.418506E-16
9126.01359588028  1.441083E-16
9130.0835402246  1.507735E-16
9134.15348456891  1.546298E-16
9138.22342891323  1.611987E-16
9142.29337325754  1.562781E-16
9146.36331760186  1.460406E-16
9150.43326194617  1.449018E-16
9154.50320629049  1.522425E-16
9158.5731506348  1.507835E-16
9162.64309497912  1.450080E-16
9166.71303932343  1.631095E-16
9170.78298366775  1.557198E-16
9174.85292801206  1.456582E-16
9178.92287235638  1.545301E-16
9182.99281670069  1.480520E-16
9187.06276104501  1.342116E-16
9191.13270538932  1.479772E-16
9195.20264973364  1.439235E-16
9199.27259407795  1.339611E-16
9203.34253842227  1.447375E-16
9207.41248276658  1.487552E-16
9211.4824271109  1.501641E-16
9215.55237145521  1.683833E-16
9219.62231579953  1.709630E-16
9223.69226014384  1.568672E-16
9227.76220448816  1.560179E-16
9231.83214883247  1.456517E-16
9235.90209317679  1.497578E-16
9239.9720375211  1.603920E-16
9244.04198186542  1.463648E-16
9248.11192620973  1.512169E-16
9252.18187055405  1.517900E-16
9256.25181489836  1.515253E-16
9260.32175924268  1.648997E-16
9264.39170358699  1.523168E-16
9268.46164793131  1.407883E-16
9272.53159227562  1.442153E-16
9276.60153661994  1.421184E-16
9280.67148096425  1.402429E-16
9284.74142530857  1.519028E-16
9288.81136965288  1.634355E-16
9292.8813139972  1.705626E-16
9296.95125834151  1.496149E-16
9301.02120268582  1.499305E-16
9305.09114703014  1.849703E-16
9309.16109137446  1.146538E-16
9313.23103571877  7.798781E-17
9317.30098006309  1.023059E-16
9321.3709244074  1.733811E-16
9325.44086875171  1.847797E-16
9329.51081309603  1.550868E-16
9333.58075744034  1.550371E-16
9337.65070178466  1.676095E-16
9341.72064612898  1.968617E-16
9345.79059047329  1.637873E-16
9349.86053481761  1.568893E-16
9353.93047916192  1.998059E-16
9358.00042350623  1.816274E-16
9362.07036785055  1.792771E-16
9366.14031219486  2.328469E-16
9370.21025653918  1.448878E-16
9374.28020088349  1.028812E-16
9378.35014522781  1.674453E-16
9382.42008957212  1.513493E-16
9386.49003391644  1.970403E-16
9390.55997826075  1.925738E-16
9394.62992260507  1.624976E-16
9398.69986694938  1.449216E-16
9402.7698112937  1.431356E-16
9406.83975563801  1.298968E-16
9410.90969998233  1.306537E-16
9414.97964432664  1.406582E-16
9419.04958867096  1.090545E-16
9423.11953301527  1.257266E-16
9427.18947735959  9.323517E-17
9431.2594217039  4.920968E-17
9435.32936604822  1.197662E-16
9439.39931039253  1.625882E-16
9443.46925473685  1.715500E-16
9447.53919908116  1.518368E-16
9451.60914342548  1.252873E-16
9455.67908776979  1.339803E-16
9459.74903211411  1.233408E-16
9463.81897645842  1.596012E-16
9467.88892080274  1.858942E-16
9471.95886514705  1.355254E-16
9476.02880949137  1.434478E-16
9480.09875383568  1.765063E-16
9484.16869818  1.910143E-16
9488.23864252431  1.888609E-16
9492.30858686863  1.170027E-16
9496.37853121294  8.949659E-17
9500.44847555726  9.847295E-17
9504.51841990157  1.242355E-16
9508.58836424589  1.208174E-16
9512.6583085902  1.126305E-16
9516.72825293452  9.162250E-17
9520.79819727883  1.143194E-16
9524.86814162315  1.225792E-16
9528.93808596746  1.295085E-16
9533.00803031178  1.401917E-16
9537.07797465609  1.307002E-16
9541.14791900041  1.548458E-16
9545.21786334472  1.522195E-16
9549.28780768903  1.553028E-16
9553.35775203335  1.805402E-16
9557.42769637767  1.883139E-16
9561.49764072198  1.720756E-16
9565.5675850663  1.382753E-16
9569.63752941061  1.412935E-16
9573.70747375493  1.562027E-16
9577.77741809924  1.389322E-16
9581.84736244355  1.352791E-16
9585.91730678787  1.275983E-16
9589.98725113218  1.263292E-16
9594.0571954765  1.507210E-16
9598.12713982081  1.439355E-16
9602.19708416513  1.614518E-16
9606.26702850944  1.618086E-16
9610.33697285376  9.857891E-17
9614.40691719807  1.290251E-16
9618.47686154239  1.615852E-16
9622.54680588671  1.261537E-16
9626.61675023102  1.392667E-16
9630.68669457534  1.521197E-16
9634.75663891965  1.289102E-16
9638.82658326396  1.554751E-16
9642.89652760828  1.759458E-16
9646.96647195259  1.385257E-16
9651.03641629691  1.272170E-16
9655.10636064122  1.309164E-16
9659.17630498554  1.381492E-16
9663.24624932985  1.521929E-16
9667.31619367417  1.482510E-16
9671.38613801848  1.281374E-16
9675.4560823628  1.224947E-16
9679.52602670711  1.698047E-16
9683.59597105143  1.553977E-16
9687.66591539574  1.427552E-16
9691.73585974006  1.640697E-16
9695.80580408437  1.461868E-16
9699.87574842869  1.379315E-16
9703.945692773  1.683472E-16
9708.01563711732  1.812049E-16
9712.08558146163  1.362008E-16
9716.15552580595  1.489439E-16
9720.22547015026  1.426346E-16
9724.29541449458  1.308840E-16
9728.36535883889  1.570528E-16
9732.43530318321  1.443385E-16
9736.50524752752  1.527251E-16
9740.57519187184  1.467172E-16
9744.64513621615  1.495689E-16
9748.71508056047  1.440116E-16
9752.78502490478  1.239284E-16
9756.8549692491  1.165263E-16
9760.92491359341  1.305842E-16
9764.99485793773  1.414185E-16
9769.06480228204  1.418925E-16
9773.13474662635  1.437941E-16
9777.20469097067  1.251859E-16
9781.27463531498  1.034852E-16
9785.3445796593  1.236556E-16
9789.41452400362  1.543409E-16
9793.48446834793  1.408935E-16
9797.55441269225  1.169030E-16
9801.62435703656  1.155808E-16
9805.69430138088  8.987852E-17
9809.76424572519  1.170224E-16
9813.83419006951  1.681052E-16
9817.90413441382  1.494025E-16
9821.97407875814  1.382668E-16
9826.04402310245  1.343989E-16
9830.11396744676  1.249715E-16
9834.18391179108  1.292269E-16
9838.25385613539  1.487656E-16
9842.32380047971  1.517803E-16
9846.39374482402  1.000084E-16
9850.46368916834  1.541996E-16
9854.53363351265  1.616780E-16
9858.60357785697  1.231806E-16
9862.67352220128  1.119526E-16
9866.7434665456  1.356370E-16
9870.81341088991  1.113333E-16
9874.88335523423  1.018578E-16
9878.95329957854  1.770804E-16
9883.02324392286  1.743844E-16
9887.09318826717  9.838795E-17
9891.16313261149  1.203071E-16
9895.2330769558  1.805238E-16
9899.30302130012  1.643672E-16
9903.37296564443  1.396647E-16
9907.44290998875  1.563989E-16
9911.51285433306  1.333730E-16
9915.58279867738  1.200605E-16
9919.65274302169  1.767891E-16
9923.72268736601  1.827347E-16
9927.79263171032  1.805998E-16
9931.86257605464  1.557476E-16
9935.93252039895  1.347864E-16
9940.00246474327  1.648449E-16
9944.07240908758  1.211693E-16
9948.1423534319  6.577204E-17
9952.21229777621  1.098349E-16
9956.28224212053  2.162430E-16
9960.35218646484  1.860085E-16
9964.42213080916  1.139664E-16
9968.49207515347  1.079431E-16
9972.56201949778  9.516039E-17
9976.6319638421  1.208511E-16
9980.70190818642  1.876363E-16
9984.77185253073  2.171363E-16
9988.84179687505  2.197376E-16
