3349.9162597656  6.107258E-16
3353.98692118761  6.636477E-16
3358.05758260962  6.513109E-16
3362.12824403163  6.708846E-16
3366.19890545364  6.299187E-16
3370.26956687565  6.873870E-16
3374.34022829766  6.956017E-16
3378.41088971967  7.225954E-16
3382.48155114168  7.150431E-16
3386.55221256369  6.542350E-16
3390.6228739857  6.841454E-16
3394.6935354077  7.388937E-16
3398.76419682971  7.583732E-16
3402.83485825172  7.634355E-16
3406.90551967373  7.263401E-16
3410.97618109574  7.157854E-16
3415.04684251775  7.557382E-16
3419.11750393976  7.470728E-16
3423.18816536177  7.268325E-16
3427.25882678378  6.872818E-16
3431.32948820579  7.276711E-16
3435.4001496278  6.963273E-16
3439.4708110498  7.098348E-16
3443.54147247181  6.959762E-16
****************  7.582098E-16
3451.68279531583  7.029057E-16
3455.75345673784  7.081898E-16
3459.82411815985  7.283924E-16
3463.89477958186  7.375597E-16
****************  7.132519E-16
3472.03610242588  7.067259E-16
3476.10676384789  7.336391E-16
3480.1774252699  7.610594E-16
3484.2480866919  7.571369E-16
3488.31874811391  7.137113E-16
3492.38940953592  6.946651E-16
3496.46007095793  7.225984E-16
3500.53073237994  7.178362E-16
3504.60139380195  7.615667E-16
3508.67205522396  7.020512E-16
3512.74271664597  7.251233E-16
3516.81337806798  6.981364E-16
3520.88403948999  7.186649E-16
3524.954700912  6.946351E-16
3529.02536233401  6.931984E-16
3533.09602375601  7.238219E-16
3537.16668517802  7.233678E-16
3541.23734660003  7.287957E-16
3545.30800802204  7.167364E-16
3549.37866944405  7.174572E-16
3553.44933086606  7.007602E-16
3557.51999228807  6.954084E-16
3561.59065371008  7.010074E-16
3565.66131513209  6.919463E-16
3569.7319765541  6.759355E-16
3573.80263797611  7.156746E-16
3577.87329939811  7.071365E-16
3581.94396082012  6.722687E-16
3586.01462224213  6.805325E-16
3590.08528366414  6.640093E-16
3594.15594508615  6.931805E-16
3598.22660650816  6.996070E-16
3602.29726793017  7.121850E-16
3606.36792935218  6.990571E-16
3610.43859077419  7.145643E-16
3614.5092521962  7.206827E-16
3618.57991361821  7.078066E-16
3622.65057504022  7.064220E-16
3626.72123646222  6.660133E-16
3630.79189788423  7.080901E-16
3634.86255930624  7.103990E-16
3638.93322072825  7.097450E-16
3643.00388215026  7.169273E-16
3647.07454357227  7.172695E-16
3651.14520499428  7.233365E-16
3655.21586641629  7.247376E-16
3659.2865278383  7.264947E-16
3663.35718926031  7.129352E-16
3667.42785068231  7.305298E-16
3671.49851210432  7.099778E-16
3675.56917352633  7.505437E-16
3679.63983494834  7.450450E-16
3683.71049637035  7.406087E-16
3687.78115779236  7.537332E-16
3691.85181921437  7.464262E-16
3695.92248063638  7.506679E-16
3699.99314205839  7.661456E-16
3704.0638034804  7.852284E-16
3708.13446490241  7.746952E-16
3712.20512632442  7.540644E-16
3716.27578774642  7.422549E-16
3720.34644916843  7.637053E-16
****************  7.531862E-16
3728.48777201245  7.696091E-16
3732.55843343446  7.857747E-16
****************  7.866025E-16
****************  7.837161E-16
****************  7.754068E-16
3748.8410791225  7.868038E-16
3752.91174054451  8.141039E-16
3756.98240196651  7.960595E-16
3761.05306338852  7.704429E-16
3765.12372481053  7.563389E-16
3769.19438623254  7.631900E-16
3773.26504765455  7.632469E-16
3777.33570907656  7.716832E-16
****************  7.661783E-16
****************  7.512683E-16
3789.54769334259  7.549050E-16
3793.6183547646  7.519241E-16
3797.68901618661  7.356568E-16
3801.75967760862  7.370507E-16
3805.83033903063  7.563297E-16
3809.90100045263  7.514606E-16
3813.97166187464  7.349488E-16
3818.04232329665  7.300237E-16
3822.11298471866  7.381429E-16
3826.18364614067  7.420664E-16
3830.25430756268  7.307771E-16
3834.32496898469  7.348251E-16
3838.3956304067  7.213989E-16
3842.46629182871  7.172503E-16
3846.53695325072  7.192307E-16
3850.60761467273  7.224737E-16
3854.67827609473  7.100657E-16
3858.74893751674  7.037509E-16
3862.81959893875  7.109830E-16
3866.89026036076  7.040451E-16
3870.96092178277  6.855909E-16
3875.03158320478  7.049764E-16
3879.10224462679  6.957811E-16
3883.1729060488  6.844781E-16
3887.24356747081  6.986135E-16
3891.31422889282  7.097922E-16
3895.38489031483  7.095499E-16
3899.45555173683  6.913082E-16
3903.52621315884  6.779489E-16
3907.59687458085  6.968060E-16
3911.66753600286  7.143018E-16
3915.73819742487  6.910556E-16
3919.80885884688  6.883620E-16
3923.87952026889  6.932458E-16
3927.9501816909  6.693009E-16
3932.02084311291  6.721709E-16
3936.09150453492  6.728785E-16
3940.16216595693  6.759004E-16
3944.23282737893  6.711272E-16
3948.30348880094  6.854376E-16
3952.37415022295  6.876450E-16
3956.44481164496  6.737735E-16
3960.51547306697  6.790423E-16
3964.58613448898  6.680465E-16
3968.65679591099  6.663832E-16
3972.727457333  6.630669E-16
3976.79811875501  6.524369E-16
3980.86878017702  6.639630E-16
3984.93944159903  6.712811E-16
3989.01010302103  6.623688E-16
3993.08076444304  6.612068E-16
3997.15142586505  6.623209E-16
4001.22208728706  6.490693E-16
4005.29274870907  6.750144E-16
4009.36341013108  6.841739E-16
4013.43407155309  6.844882E-16
4017.5047329751  6.760737E-16
4021.57539439711  6.746297E-16
4025.64605581912  6.757919E-16
4029.71671724113  6.978142E-16
4033.78737866314  6.888782E-16
4037.85804008515  6.757917E-16
4041.92870150715  6.688138E-16
4045.99936292916  6.588958E-16
4050.07002435117  6.630433E-16
4054.14068577318  6.623370E-16
4058.21134719519  6.527011E-16
4062.2820086172  6.728678E-16
4066.35267003921  6.744027E-16
4070.42333146122  6.769582E-16
4074.49399288323  6.758300E-16
4078.56465430524  6.820074E-16
4082.63531572724  6.669301E-16
4086.70597714925  6.677820E-16
4090.77663857126  6.662609E-16
4094.84729999327  6.746056E-16
4098.91796141528  6.711342E-16
4102.98862283729  6.782696E-16
4107.0592842593  6.804404E-16
4111.12994568131  6.743343E-16
****************  6.604571E-16
4119.27126852533  6.609854E-16
****************  6.529719E-16
4127.41259136934  6.535013E-16
4131.48325279135  6.629788E-16
4135.55391421336  6.529474E-16
4139.62457563537  6.617083E-16
****************  6.489200E-16
4147.76589847939  6.342609E-16
4151.8365599014  6.454834E-16
4155.90722132341  6.577725E-16
****************  6.542737E-16
4164.04854416743  6.542614E-16
4168.11920558944  6.468596E-16
4172.18986701145  6.623807E-16
4176.26052843345  6.538590E-16
4180.33118985546  6.499632E-16
****************  6.534311E-16
4188.47251269948  6.442626E-16
4192.54317412149  6.299615E-16
4196.6138355435  6.500625E-16
4200.68449696551  6.679794E-16
4204.75515838752  6.667917E-16
****************  6.403055E-16
4212.89648123154  6.418896E-16
4216.96714265355  6.506179E-16
4221.03780407556  6.349953E-16
4225.10846549756  6.500081E-16
4229.17912691957  6.413445E-16
4233.24978834158  6.325937E-16
4237.32044976359  6.154304E-16
4241.3911111856  6.254264E-16
4245.46177260761  6.162492E-16
4249.53243402962  6.266344E-16
****************  6.262892E-16
4257.67375687364  6.222464E-16
4261.74441829565  6.270975E-16
****************  6.379972E-16
4269.88574113966  6.229568E-16
4273.95640256167  6.111903E-16
4278.02706398368  6.249487E-16
4282.09772540569  6.229602E-16
4286.1683868277  6.090302E-16
****************  5.989000E-16
****************  5.993054E-16
4298.38037109373  6.163514E-16
4302.45103251574  6.251219E-16
4306.52169393775  6.099071E-16
4310.59235535976  6.071785E-16
4314.66301678176  5.968647E-16
4318.73367820377  6.000768E-16
4322.80433962578  5.947826E-16
4326.87500104779  6.004433E-16
4330.9456624698  6.038697E-16
4335.01632389181  5.937242E-16
****************  5.899464E-16
4343.15764673583  5.866897E-16
4347.22830815784  5.841372E-16
4351.29896957985  5.829432E-16
4355.36963100186  5.760330E-16
4359.44029242387  5.803204E-16
4363.51095384587  5.853106E-16
4367.58161526788  5.790066E-16
****************  5.739615E-16
4375.7229381119  5.748913E-16
4379.79359953391  5.671031E-16
4383.86426095592  5.532610E-16
4387.93492237793  5.748906E-16
4392.00558379994  5.595832E-16
4396.07624522195  5.634734E-16
4400.14690664396  5.614565E-16
4404.21756806597  5.500884E-16
4408.28822948797  5.546422E-16
****************  5.483372E-16
4416.42955233199  5.392281E-16
4420.500213754  5.501231E-16
****************  5.515422E-16
4428.64153659802  5.426722E-16
4432.71219802003  5.516495E-16
4436.78285944204  5.627046E-16
4440.85352086405  5.572315E-16
4444.92418228606  5.508356E-16
4448.99484370807  5.569678E-16
4453.06550513007  5.526677E-16
4457.13616655208  5.510921E-16
4461.20682797409  5.591015E-16
4465.2774893961  5.561496E-16
4469.34815081811  5.684814E-16
4473.41881224012  5.630623E-16
4477.48947366213  5.490733E-16
4481.56013508414  5.471198E-16
4485.63079650615  5.508449E-16
4489.70145792816  5.557702E-16
4493.77211935017  5.456166E-16
****************  5.559234E-16
4501.91344219418  5.545947E-16
4505.98410361619  5.524719E-16
4510.0547650382  5.548440E-16
4514.12542646021  5.651564E-16
4518.19608788222  5.586961E-16
4522.26674930423  5.506926E-16
****************  5.474801E-16
4530.40807214825  5.532199E-16
4534.47873357026  5.396259E-16
4538.54939499227  5.519112E-16
4542.62005641427  5.553082E-16
****************  5.471594E-16
4550.76137925829  5.389503E-16
4554.8320406803  5.466602E-16
4558.90270210231  5.498485E-16
4562.97336352432  5.439199E-16
****************  5.420636E-16
4571.11468636834  5.377141E-16
4575.18534779035  5.447750E-16
4579.25600921236  5.398537E-16
4583.32667063437  5.258375E-16
****************  5.254179E-16
4591.46799347838  5.280692E-16
4595.53865490039  5.216276E-16
***************  5.267739E-16
4603.67997774441  5.070387E-16
4607.75063916642  4.981013E-16
****************  5.159987E-16
****************  5.232880E-16
4619.96262343245  5.212725E-16
4624.03328485446  5.142674E-16
4628.10394627647  5.140188E-16
4632.17460769848  5.194564E-16
4636.24526912049  5.037623E-16
4640.31593054249  5.175511E-16
4644.3865919645  5.092001E-16
4648.45725338651  5.187155E-16
4652.52791480852  5.220094E-16
****************  5.222580E-16
4660.66923765254  5.222285E-16
4664.73989907455  5.177101E-16
4668.81056049656  5.049693E-16
4672.88122191857  5.171968E-16
4676.95188334058  5.143518E-16
4681.02254476258  5.018438E-16
4685.09320618459  5.092906E-16
4689.1638676066  5.112917E-16
4693.23452902861  5.085565E-16
****************  5.093748E-16
4701.37585187263  5.160787E-16
4705.44651329464  5.104932E-16
4709.51717471665  4.948696E-16
4713.58783613866  4.872176E-16
****************  4.950466E-16
4721.72915898268  4.999133E-16
4725.79982040468  5.085494E-16
4729.87048182669  5.111571E-16
4733.9411432487  4.907580E-16
4738.01180467071  4.949258E-16
4742.08246609272  5.001077E-16
4746.15312751473  4.922479E-16
4750.22378893674  4.994033E-16
4754.29445035875  4.910136E-16
4758.36511178076  4.791590E-16
4762.43577320277  4.941246E-16
4766.50643462478  4.772634E-16
4770.57709604679  4.884154E-16
4774.64775746879  4.916398E-16
4778.7184188908  4.740071E-16
4782.78908031281  4.868900E-16
4786.85974173482  4.826329E-16
4790.93040315683  4.907421E-16
4795.00106457884  4.981744E-16
4799.07172600085  5.125617E-16
****************  5.011717E-16
4807.21304884487  4.805104E-16
4811.28371026688  4.948595E-16
4815.35437168889  4.798306E-16
4819.42503311089  4.942291E-16
4823.4956945329  4.910019E-16
4827.56635595491  4.895845E-16
4831.63701737692  4.967994E-16
4835.70767879893  4.824964E-16
4839.77834022094  4.736675E-16
4843.84900164295  4.674641E-16
4847.91966306496  4.727595E-16
4851.99032448697  4.712492E-16
4856.06098590898  4.638079E-16
4860.13164733099  4.656801E-16
****************  4.668757E-16
**************  4.775334E-16
4872.34363159701  4.837423E-16
4876.41429301902  4.693492E-16
4880.48495444103  4.633233E-16
4884.55561586304  4.589986E-16
4888.62627728505  4.612507E-16
4892.69693870706  4.561060E-16
4896.76760012907  4.525171E-16
4900.83826155108  4.661323E-16
4904.90892297309  4.696465E-16
4908.9795843951  4.708834E-16
4913.0502458171  4.675472E-16
4917.12090723911  4.715757E-16
4921.19156866112  4.685545E-16
4925.26223008313  4.782893E-16
4929.33289150514  4.693423E-16
4933.40355292715  4.790509E-16
4937.47421434916  4.719039E-16
4941.54487577117  4.746737E-16
4945.61553719318  4.795556E-16
4949.68619861519  4.706866E-16
4953.7568600372  4.766801E-16
4957.82752145921  4.615067E-16
4961.89818288121  4.599385E-16
4965.96884430322  4.765759E-16
****************  4.656621E-16
4974.11016714724  4.630730E-16
4978.18082856925  4.694366E-16
4982.25148999126  4.781020E-16
4986.32215141327  4.817209E-16
4990.39281283528  4.585964E-16
4994.46347425729  4.542526E-16
***************  4.679672E-16
5002.60479710131  4.553438E-16
5006.67545852332  4.639583E-16
5010.74611994532  4.649754E-16
5014.81678136733  4.576018E-16
5018.88744278934  4.686131E-16
5022.95810421135  4.619505E-16
5027.02876563336  4.575893E-16
5031.09942705537  4.658663E-16
5035.17008847738  4.630397E-16
5039.24074989939  4.466926E-16
5043.3114113214  4.530123E-16
5047.38207274341  4.385161E-16
5051.45273416541  4.447783E-16
5055.52339558742  4.525006E-16
5059.59405700943  4.465062E-16
5063.66471843144  4.539583E-16
5067.73537985345  4.500884E-16
5071.80604127546  4.471564E-16
5075.87670269747  4.388143E-16
5079.94736411948  4.400485E-16
5084.01802554149  4.263712E-16
5088.0886869635  4.408154E-16
5092.15934838551  4.347844E-16
5096.23000980752  4.510787E-16
5100.30067122952  4.548214E-16
5104.37133265153  4.318136E-16
5108.44199407354  4.325976E-16
5112.51265549555  4.394347E-16
5116.58331691756  4.351488E-16
5120.65397833957  4.305689E-16
5124.72463976158  4.265674E-16
5128.79530118359  4.316584E-16
5132.8659626056  4.373112E-16
5136.93662402761  4.302000E-16
5141.00728544962  4.226527E-16
5145.07794687162  4.297762E-16
5149.14860829363  4.282001E-16
5153.21926971564  4.353863E-16
5157.28993113765  4.338122E-16
5161.36059255966  4.224488E-16
5165.43125398167  4.276932E-16
5169.50191540368  4.252396E-16
5173.57257682569  4.273400E-16
5177.6432382477  4.283692E-16
5181.71389966971  4.287958E-16
5185.78456109172  4.305861E-16
5189.85522251372  4.282583E-16
5193.92588393573  4.256995E-16
5197.99654535774  4.282704E-16
5202.06720677975  4.284549E-16
5206.13786820176  4.330582E-16
5210.20852962377  4.267984E-16
5214.27919104578  4.047067E-16
5218.34985246779  4.207556E-16
5222.4205138898  4.138161E-16
5226.49117531181  4.112112E-16
5230.56183673382  4.191908E-16
5234.63249815582  4.314750E-16
5238.70315957783  4.272847E-16
5242.77382099984  4.106282E-16
5246.84448242185  4.094572E-16
5250.91514384386  4.050366E-16
5254.98580526587  4.144219E-16
5259.05646668788  4.031417E-16
5263.12712810989  3.948883E-16
5267.1977895319  4.123118E-16
5271.26845095391  4.073419E-16
5275.33911237592  3.973685E-16
5279.40977379793  3.986558E-16
5283.48043521993  3.999111E-16
5287.55109664194  3.958710E-16
5291.62175806395  3.890856E-16
5295.69241948596  3.966095E-16
5299.76308090797  3.871968E-16
5303.83374232998  3.845056E-16
5307.90440375199  3.960398E-16
5311.975065174  4.010969E-16
5316.04572659601  3.900138E-16
5320.11638801802  3.914960E-16
5324.18704944003  3.842433E-16
5328.25771086204  3.914078E-16
5332.32837228404  3.986784E-16
5336.39903370605  3.860422E-16
5340.46969512806  3.909681E-16
5344.54035655007  3.906894E-16
5348.61101797208  3.913234E-16
5352.68167939409  3.795752E-16
5356.7523408161  3.756284E-16
5360.82300223811  3.849674E-16
5364.89366366012  3.848639E-16
5368.96432508213  3.838397E-16
5373.03498650413  3.803303E-16
5377.10564792614  3.820935E-16
5381.17630934815  3.864924E-16
5385.24697077016  3.799231E-16
5389.31763219217  3.689270E-16
5393.38829361418  3.692985E-16
5397.45895503619  3.643457E-16
5401.5296164582  3.611586E-16
5405.60027788021  3.640041E-16
5409.67093930222  3.636826E-16
5413.74160072423  3.783637E-16
5417.81226214624  3.937703E-16
5421.88292356824  3.808393E-16
5425.95358499025  3.838992E-16
5430.02424641226  3.759907E-16
5434.09490783427  3.916878E-16
5438.16556925628  3.848215E-16
5442.23623067829  3.995409E-16
5446.3068921003  4.006062E-16
5450.37755352231  3.917779E-16
5454.44821494432  3.968839E-16
5458.51887636633  3.984721E-16
5462.58953778834  3.883742E-16
5466.66019921034  3.895550E-16
5470.73086063235  3.962942E-16
5474.80152205436  3.957303E-16
5478.87218347637  3.896150E-16
5482.94284489838  3.813314E-16
5487.01350632039  3.829922E-16
5491.0841677424  3.907800E-16
5495.15482916441  3.905618E-16
5499.22549058642  3.887189E-16
5503.29615200843  3.913594E-16
5507.36681343044  3.931406E-16
5511.43747485244  4.014969E-16
5515.50813627445  3.937377E-16
5519.57879769646  3.847009E-16
5523.64945911847  3.957350E-16
5527.72012054048  3.979877E-16
5531.79078196249  3.982077E-16
5535.8614433845  4.010837E-16
5539.93210480651  3.993035E-16
5544.00276622852  3.851041E-16
5548.07342765053  3.907431E-16
5552.14408907254  3.979794E-16
5556.21475049454  3.841646E-16
5560.28541191655  3.793046E-16
5564.35607333856  3.882288E-16
5568.42673476057  3.959743E-16
5572.49739618258  3.993966E-16
5576.56805760459  3.990518E-16
5580.6387190266  3.839316E-16
5584.70938044861  3.611898E-16
5588.78004187062  3.820778E-16
5592.85070329263  3.696659E-16
5596.92136471464  3.722739E-16
5600.99202613664  3.692538E-16
5605.06268755866  3.767838E-16
5609.13334898066  3.695924E-16
5613.20401040267  3.669632E-16
5617.27467182468  3.857186E-16
5621.34533324669  3.795470E-16
5625.4159946687  3.770089E-16
5629.48665609071  3.721558E-16
5633.55731751272  3.706563E-16
5637.62797893473  3.763581E-16
5641.69864035674  3.659261E-16
5645.76930177875  3.550525E-16
5649.83996320076  3.556839E-16
5653.91062462277  3.534037E-16
5657.98128604477  3.705329E-16
5662.05194746678  3.677850E-16
5666.12260888879  3.593590E-16
5670.1932703108  3.558015E-16
5674.26393173281  3.637910E-16
5678.33459315482  3.579524E-16
5682.40525457683  3.549367E-16
5686.47591599884  3.590632E-16
5690.54657742085  3.644104E-16
5694.61723884285  3.584148E-16
5698.68790026486  3.608505E-16
5702.75856168687  3.580311E-16
5706.82922310888  3.499544E-16
5710.89988453089  3.524588E-16
5714.9705459529  3.457219E-16
5719.04120737491  3.457280E-16
5723.11186879692  3.548903E-16
5727.18253021893  3.544312E-16
5731.25319164094  3.393791E-16
5735.32385306295  3.382630E-16
5739.39451448496  3.408724E-16
5743.46517590696  3.378601E-16
5747.53583732897  3.336631E-16
5751.60649875098  3.383330E-16
5755.67716017299  3.342121E-16
5759.747821595  3.517216E-16
5763.81848301701  3.448007E-16
5767.88914443902  3.316448E-16
5771.95980586103  3.301777E-16
5776.03046728304  3.326132E-16
5780.10112870505  3.357114E-16
5784.17179012705  3.214464E-16
5788.24245154906  3.151375E-16
5792.31311297107  3.253046E-16
5796.38377439308  3.335439E-16
5800.45443581509  3.296959E-16
5804.5250972371  3.266284E-16
5808.59575865911  3.307781E-16
5812.66642008112  3.307760E-16
5816.73708150313  3.353923E-16
5820.80774292514  3.410730E-16
5824.87840434715  3.363410E-16
5828.94906576916  3.375121E-16
5833.01972719117  3.334460E-16
5837.09038861317  3.240407E-16
5841.16105003518  3.266449E-16
5845.23171145719  3.209159E-16
5849.3023728792  3.271123E-16
5853.37303430121  3.245903E-16
5857.44369572322  3.229856E-16
5861.51435714523  3.323965E-16
5865.58501856724  3.303852E-16
5869.65567998925  3.266580E-16
5873.72634141126  3.248812E-16
5877.79700283327  3.353962E-16
5881.86766425527  3.366398E-16
5885.93832567728  3.281922E-16
5890.00898709929  3.288512E-16
5894.0796485213  3.283378E-16
5898.15030994331  3.311021E-16
5902.22097136532  3.317218E-16
5906.29163278733  3.338326E-16
5910.36229420934  3.323064E-16
5914.43295563135  3.279831E-16
5918.50361705336  3.327976E-16
5922.57427847536  3.223035E-16
5926.64493989737  3.290558E-16
5930.71560131938  3.316900E-16
5934.78626274139  3.215596E-16
5938.8569241634  3.329508E-16
5942.92758558541  3.337028E-16
5946.99824700742  3.293302E-16
5951.06890842943  3.437401E-16
5955.13956985144  3.414143E-16
5959.21023127345  3.261473E-16
5963.28089269546  3.188619E-16
5967.35155411747  3.233569E-16
5971.42221553948  3.269353E-16
5975.49287696148  3.205234E-16
5979.56353838349  3.124772E-16
5983.6341998055  3.204192E-16
5987.70486122751  3.239941E-16
5991.77552264952  3.267222E-16
5995.84618407153  3.276846E-16
5999.91684549354  3.154889E-16
6003.98750691555  3.131979E-16
6008.05816833756  3.117047E-16
6012.12882975957  3.101879E-16
6016.19949118158  3.112819E-16
6020.27015260358  3.206460E-16
6024.34081402559  3.217205E-16
6028.4114754476  3.193899E-16
6032.48213686961  3.243058E-16
6036.55279829162  3.198476E-16
6040.62345971363  3.097742E-16
6044.69412113564  3.101603E-16
6048.76478255765  3.200799E-16
6052.83544397966  3.171080E-16
6056.90610540167  3.146358E-16
6060.97676682368  3.181211E-16
6065.04742824569  3.218537E-16
6069.11808966769  3.159396E-16
6073.1887510897  3.258619E-16
6077.25941251171  3.252497E-16
6081.33007393372  3.198565E-16
6085.40073535573  3.249142E-16
6089.47139677774  3.170281E-16
6093.54205819975  3.162503E-16
6097.61271962176  3.214571E-16
6101.68338104377  3.232691E-16
6105.75404246578  3.196708E-16
6109.82470388778  3.205498E-16
6113.89536530979  3.152990E-16
6117.9660267318  3.074189E-16
6122.03668815381  3.194474E-16
6126.10734957582  3.182749E-16
6130.17801099783  3.158165E-16
6134.24867241984  3.137473E-16
6138.31933384185  3.136085E-16
6142.38999526386  3.106432E-16
6146.46065668587  3.065069E-16
6150.53131810788  3.104081E-16
6154.60197952989  3.081179E-16
6158.67264095189  3.080583E-16
6162.7433023739  3.076097E-16
6166.81396379591  3.039705E-16
6170.88462521792  3.082663E-16
6174.95528663993  3.068651E-16
6179.02594806194  3.027421E-16
6183.09660948395  3.019463E-16
6187.16727090596  3.022042E-16
6191.23793232797  3.075719E-16
6195.30859374998  3.056417E-16
6199.37925517199  2.959667E-16
6203.449916594  2.955891E-16
6207.520578016  3.004163E-16
6211.59123943801  3.000668E-16
6215.66190086002  2.968151E-16
6219.73256228203  3.080200E-16
6223.80322370404  3.114891E-16
6227.87388512605  3.022536E-16
6231.94454654806  2.951153E-16
6236.01520797007  2.972792E-16
6240.08586939208  2.949262E-16
6244.15653081409  2.964079E-16
6248.22719223609  2.925137E-16
6252.2978536581  2.925057E-16
6256.36851508011  2.911250E-16
6260.43917650212  2.873618E-16
6264.50983792413  2.944543E-16
6268.58049934614  2.992073E-16
6272.65116076815  2.959077E-16
6276.72182219016  2.937251E-16
6280.79248361217  2.880545E-16
6284.86314503418  2.912867E-16
6288.93380645619  2.960355E-16
6293.00446787819  2.927731E-16
6297.0751293002  2.922467E-16
6301.14579072221  2.972498E-16
6305.21645214422  2.951974E-16
6309.28711356623  2.892967E-16
6313.35777498824  2.921284E-16
6317.42843641025  2.883341E-16
6321.49909783226  2.871054E-16
6325.56975925427  2.966216E-16
6329.64042067628  2.983997E-16
6333.71108209829  3.029624E-16
6337.7817435203  2.935661E-16
6341.8524049423  2.920877E-16
6345.92306636431  2.912188E-16
6349.99372778632  2.940005E-16
6354.06438920833  2.923487E-16
6358.13505063034  2.865208E-16
6362.20571205235  2.841521E-16
6366.27637347436  2.834855E-16
6370.34703489637  2.827135E-16
6374.41769631838  2.836232E-16
6378.48835774039  2.838514E-16
6382.5590191624  2.855813E-16
6386.6296805844  2.816725E-16
6390.70034200642  2.844589E-16
6394.77100342842  2.993485E-16
6398.84166485043  2.964656E-16
6402.91232627244  2.878835E-16
6406.98298769445  2.907680E-16
6411.05364911646  2.964628E-16
6415.12431053847  2.920237E-16
6419.19497196048  2.944121E-16
6423.26563338249  2.894044E-16
6427.3362948045  2.893178E-16
6431.40695622651  2.941142E-16
6435.47761764851  2.984181E-16
6439.54827907052  2.965496E-16
6443.61894049253  2.926802E-16
6447.68960191454  3.018304E-16
6451.76026333655  3.034636E-16
6455.83092475856  2.983466E-16
6459.90158618057  2.938480E-16
6463.97224760258  2.934698E-16
6468.04290902459  2.936385E-16
6472.1135704466  2.982227E-16
6476.18423186861  2.958707E-16
6480.25489329062  2.873307E-16
6484.32555471262  2.907726E-16
6488.39621613463  2.896088E-16
6492.46687755664  2.919558E-16
6496.53753897865  2.970716E-16
6500.60820040066  2.967588E-16
6504.67886182267  3.084614E-16
6508.74952324468  3.060807E-16
6512.82018466669  2.999304E-16
6516.8908460887  3.066078E-16
6520.96150751071  3.106566E-16
6525.03216893271  3.016230E-16
6529.10283035472  2.978993E-16
6533.17349177673  2.984228E-16
6537.24415319874  3.033810E-16
6541.31481462075  3.047636E-16
6545.38547604276  2.954308E-16
6549.45613746477  2.943869E-16
6553.52679888678  2.946292E-16
6557.59746030879  2.962407E-16
6561.6681217308  2.987298E-16
6565.7387831528  2.909581E-16
6569.80944457481  2.901818E-16
6573.88010599682  2.907806E-16
6577.95076741883  2.894866E-16
6582.02142884084  2.956021E-16
6586.09209026285  2.970624E-16
6590.16275168486  2.910349E-16
6594.23341310687  3.005416E-16
6598.30407452888  2.988658E-16
6602.37473595089  3.015424E-16
6606.4453973729  3.089764E-16
6610.51605879491  3.005143E-16
6614.58672021692  2.948715E-16
6618.65738163893  2.911201E-16
6622.72804306093  2.825228E-16
6626.79870448294  2.823630E-16
6630.86936590495  2.916976E-16
6634.94002732696  2.944350E-16
6639.01068874897  2.898131E-16
6643.08135017098  2.841913E-16
6647.15201159299  2.898887E-16
6651.222673015  2.972972E-16
6655.29333443701  2.917201E-16
6659.36399585902  2.885578E-16
6663.43465728103  2.775726E-16
6667.50531870303  2.814285E-16
6671.57598012504  2.906292E-16
6675.64664154705  2.902534E-16
6679.71730296906  2.940549E-16
6683.78796439107  2.872393E-16
6687.85862581308  2.852956E-16
6691.92928723509  2.876954E-16
6695.9999486571  2.818715E-16
6700.07061007911  2.849560E-16
6704.14127150112  2.870044E-16
6708.21193292313  2.955295E-16
6712.28259434513  2.869670E-16
6716.35325576714  2.805967E-16
6720.42391718915  2.830660E-16
6724.49457861116  2.776771E-16
6728.56524003317  2.790988E-16
6732.63590145518  2.774132E-16
6736.70656287719  2.833798E-16
6740.7772242992  2.817630E-16
6744.84788572121  2.705879E-16
6748.91854714322  2.750447E-16
6752.98920856523  2.774472E-16
6757.05986998723  2.751629E-16
6761.13053140924  2.771975E-16
6765.20119283125  2.812296E-16
6769.27185425326  2.834647E-16
6773.34251567527  2.811054E-16
6777.41317709728  2.733048E-16
6781.48383851929  2.737183E-16
6785.5544999413  2.713569E-16
6789.62516136331  2.736688E-16
6793.69582278532  2.711921E-16
6797.76648420733  2.676061E-16
6801.83714562934  2.683646E-16
6805.90780705134  2.730658E-16
6809.97846847335  2.756377E-16
6814.04912989536  2.765014E-16
6818.11979131737  2.731759E-16
6822.19045273938  2.630871E-16
6826.26111416139  2.686664E-16
6830.3317755834  2.755380E-16
6834.40243700541  2.744804E-16
6838.47309842742  2.656474E-16
6842.54375984943  2.607127E-16
6846.61442127143  2.701894E-16
6850.68508269344  2.599699E-16
6854.75574411545  2.558461E-16
6858.82640553746  2.592358E-16
6862.89706695947  2.559298E-16
6866.96772838148  2.755131E-16
6871.03838980349  2.696282E-16
6875.1090512255  2.523108E-16
6879.17971264751  2.511376E-16
6883.25037406952  2.611927E-16
6887.32103549153  2.575486E-16
6891.39169691354  2.516142E-16
6895.46235833554  2.534728E-16
6899.53301975755  2.563457E-16
6903.60368117956  2.577303E-16
6907.67434260157  2.596947E-16
6911.74500402358  2.629602E-16
6915.81566544559  2.612698E-16
6919.8863268676  2.631987E-16
6923.95698828961  2.529263E-16
6928.02764971162  2.485498E-16
6932.09831113363  2.569133E-16
6936.16897255564  2.591242E-16
6940.23963397765  2.555308E-16
6944.31029539965  2.580687E-16
6948.38095682166  2.566950E-16
6952.45161824367  2.586750E-16
6956.52227966568  2.578268E-16
6960.59294108769  2.532455E-16
6964.6636025097  2.584281E-16
6968.73426393171  2.579168E-16
6972.80492535372  2.567522E-16
6976.87558677573  2.565118E-16
6980.94624819774  2.585875E-16
6985.01690961975  2.639482E-16
6989.08757104175  2.658123E-16
6993.15823246376  2.594875E-16
6997.22889388577  2.513421E-16
7001.29955530778  2.527450E-16
7005.37021672979  2.588409E-16
7009.4408781518  2.552679E-16
7013.51153957381  2.499534E-16
7017.58220099582  2.484355E-16
7021.65286241783  2.566165E-16
7025.72352383984  2.521648E-16
7029.79418526184  2.484247E-16
7033.86484668385  2.618950E-16
7037.93550810586  2.561139E-16
7042.00616952787  2.499876E-16
7046.07683094988  2.483551E-16
7050.14749237189  2.542152E-16
7054.2181537939  2.460677E-16
7058.28881521591  2.522591E-16
7062.35947663792  2.537584E-16
7066.43013805993  2.495836E-16
7070.50079948194  2.478287E-16
7074.57146090395  2.491269E-16
7078.64212232595  2.538172E-16
7082.71278374796  2.527786E-16
7086.78344516997  2.509174E-16
7090.85410659198  2.503254E-16
7094.92476801399  2.536835E-16
7098.995429436  2.478299E-16
7103.06609085801  2.468143E-16
7107.13675228002  2.371612E-16
7111.20741370203  2.477827E-16
7115.27807512404  2.476700E-16
7119.34873654605  2.498014E-16
7123.41939796806  2.436050E-16
7127.49005939007  2.456824E-16
7131.56072081207  2.554011E-16
7135.63138223408  2.486828E-16
7139.70204365609  2.424022E-16
7143.7727050781  2.422242E-16
7147.84336650011  2.436112E-16
7151.91402792212  2.372908E-16
7155.98468934413  2.470005E-16
7160.05535076614  2.409834E-16
7164.12601218815  2.423365E-16
7168.19667361015  2.437004E-16
7172.26733503216  2.409665E-16
7176.33799645417  2.480352E-16
7180.40865787618  2.484215E-16
7184.47931929819  2.376578E-16
7188.5499807202  2.391895E-16
7192.62064214221  2.478365E-16
7196.69130356422  2.445247E-16
7200.76196498623  2.438711E-16
7204.83262640824  2.432896E-16
7208.90328783025  2.419002E-16
7212.97394925226  2.354940E-16
7217.04461067426  2.407257E-16
7221.11527209627  2.448038E-16
7225.18593351828  2.390500E-16
7229.25659494029  2.293249E-16
7233.3272563623  2.287249E-16
7237.39791778431  2.427919E-16
7241.46857920632  2.397995E-16
7245.53924062833  2.314570E-16
7249.60990205034  2.291565E-16
7253.68056347235  2.203698E-16
7257.75122489435  2.167158E-16
7261.82188631636  2.238654E-16
7265.89254773837  2.286620E-16
7269.96320916038  2.302621E-16
7274.03387058239  2.321351E-16
7278.1045320044  2.258103E-16
7282.17519342641  2.260758E-16
7286.24585484842  2.370978E-16
7290.31651627043  2.297440E-16
7294.38717769244  2.308955E-16
7298.45783911445  2.375664E-16
7302.52850053646  2.332042E-16
7306.59916195847  2.273696E-16
7310.66982338047  2.284845E-16
7314.74048480248  2.265188E-16
7318.81114622449  2.327548E-16
7322.8818076465  2.279893E-16
7326.95246906851  2.263318E-16
7331.02313049052  2.326603E-16
7335.09379191253  2.330745E-16
7339.16445333454  2.375512E-16
7343.23511475655  2.305238E-16
7347.30577617856  2.271097E-16
7351.37643760056  2.335332E-16
7355.44709902257  2.419484E-16
7359.51776044458  2.382398E-16
7363.58842186659  2.333685E-16
7367.6590832886  2.344592E-16
7371.72974471061  2.360763E-16
7375.80040613262  2.358004E-16
7379.87106755463  2.291403E-16
7383.94172897664  2.291816E-16
7388.01239039865  2.282978E-16
7392.08305182066  2.401787E-16
7396.15371324267  2.331964E-16
7400.22437466468  2.227422E-16
7404.29503608669  2.237108E-16
7408.36569750869  2.178715E-16
7412.4363589307  2.324879E-16
7416.50702035271  2.327802E-16
7420.57768177472  2.314036E-16
7424.64834319673  2.384030E-16
7428.71900461874  2.365456E-16
7432.78966604075  2.398801E-16
7436.86032746276  2.305897E-16
7440.93098888477  2.276721E-16
7445.00165030677  2.241556E-16
7449.07231172878  2.333575E-16
7453.14297315079  2.287468E-16
7457.2136345728  2.307049E-16
7461.28429599481  2.340642E-16
7465.35495741682  2.261986E-16
7469.42561883883  2.222682E-16
7473.49628026084  2.328393E-16
7477.56694168285  2.451735E-16
7481.63760310486  2.403718E-16
7485.70826452687  2.247091E-16
7489.77892594887  2.149848E-16
7493.84958737088  2.224569E-16
7497.92024879289  2.312836E-16
7501.9909102149  2.350713E-16
7506.06157163691  2.409467E-16
7510.13223305892  2.376609E-16
7514.20289448093  2.270130E-16
7518.27355590294  2.237556E-16
7522.34421732495  2.127754E-16
7526.41487874696  2.182174E-16
7530.48554016897  2.267086E-16
7534.55620159097  2.351091E-16
7538.62686301298  2.325333E-16
7542.69752443499  2.301605E-16
7546.768185857  2.354612E-16
7550.83884727901  2.242476E-16
7554.90950870102  2.177934E-16
7558.98017012303  2.164457E-16
7563.05083154504  2.162569E-16
7567.12149296705  2.213254E-16
7571.19215438906  2.272258E-16
7575.26281581107  2.359836E-16
7579.33347723307  2.313000E-16
7583.40413865509  2.262291E-16
7587.47480007709  2.158940E-16
7591.5454614991  2.000973E-16
7595.61612292111  1.901069E-16
7599.68678434312  1.814627E-16
7603.75744576513  1.969540E-16
7607.82810718714  2.262267E-16
7611.89876860915  2.201581E-16
7615.96943003116  2.179914E-16
7620.04009145317  2.391042E-16
7624.11075287518  2.289569E-16
7628.18141429719  2.030648E-16
7632.25207571919  1.991901E-16
7636.3227371412  2.117079E-16
7640.39339856321  2.098468E-16
7644.46405998522  2.248195E-16
7648.53472140723  2.389141E-16
7652.60538282924  2.253991E-16
7656.67604425125  2.278847E-16
7660.74670567326  2.178065E-16
7664.81736709527  2.032610E-16
7668.88802851728  2.011404E-16
7672.95868993929  2.017587E-16
7677.0293513613  2.131581E-16
7681.1000127833  2.175448E-16
7685.17067420531  2.220335E-16
7689.24133562732  2.205154E-16
7693.31199704933  2.141395E-16
7697.38265847134  2.071655E-16
7701.45331989335  1.833341E-16
7705.52398131536  1.784379E-16
7709.59464273737  1.871423E-16
7713.66530415938  2.017067E-16
7717.73596558139  2.124370E-16
7721.80662700339  2.118245E-16
7725.8772884254  2.154095E-16
7729.94794984741  2.209961E-16
7734.01861126942  2.074895E-16
7738.08927269143  1.885177E-16
7742.15993411344  1.923705E-16
7746.23059553545  2.122738E-16
7750.30125695746  2.282956E-16
7754.37191837947  2.208079E-16
7758.44257980148  2.076357E-16
7762.51324122349  2.116507E-16
7766.5839026455  1.997369E-16
7770.6545640675  1.915511E-16
7774.72522548951  1.989692E-16
7778.79588691152  2.159458E-16
7782.86654833353  2.328081E-16
7786.93720975554  2.278335E-16
7791.00787117755  2.317401E-16
7795.07853259956  2.224020E-16
7799.14919402157  2.172537E-16
7803.21985544358  2.035299E-16
7807.29051686559  1.980954E-16
7811.3611782876  2.103366E-16
7815.43183970961  2.252429E-16
7819.50250113161  2.269830E-16
7823.57316255362  2.237203E-16
7827.64382397563  2.130092E-16
7831.71448539764  2.045261E-16
7835.78514681965  2.013994E-16
7839.85580824166  1.972134E-16
7843.92646966367  2.089928E-16
7847.99713108568  2.257184E-16
7852.06779250769  2.388352E-16
7856.1384539297  2.372184E-16
7860.20911535171  2.226774E-16
7864.27977677371  2.105684E-16
7868.35043819572  1.975735E-16
7872.42109961773  2.039004E-16
7876.49176103974  2.136702E-16
7880.56242246175  2.227752E-16
7884.63308388376  2.380663E-16
7888.70374530577  2.299769E-16
7892.77440672778  2.127342E-16
7896.84506814979  1.986229E-16
7900.9157295718  1.951642E-16
7904.98639099381  2.032607E-16
7909.05705241581  2.248129E-16
7913.12771383782  2.296508E-16
7917.19837525983  2.191843E-16
7921.26903668184  2.114337E-16
7925.33969810385  2.041604E-16
7929.41035952586  2.066221E-16
7933.48102094787  2.098648E-16
7937.55168236988  2.235799E-16
7941.62234379189  2.225511E-16
7945.6930052139  2.130977E-16
7949.76366663591  2.099207E-16
7953.83432805791  2.091125E-16
7957.90498947992  1.988522E-16
7961.97565090193  1.964988E-16
7966.04631232394  2.084199E-16
7970.11697374595  2.170614E-16
7974.18763516796  2.189441E-16
7978.25829658997  2.185987E-16
7982.32895801198  2.135179E-16
7986.39961943399  2.056277E-16
7990.470280856  2.024400E-16
7994.54094227801  2.051564E-16
7998.61160370001  2.102335E-16
8002.68226512202  2.057925E-16
8006.75292654403  1.995923E-16
8010.82358796604  2.134483E-16
8014.89424938805  2.194294E-16
8018.96491081006  2.137415E-16
8023.03557223207  2.150364E-16
8027.10623365408  2.200915E-16
8031.17689507609  2.171685E-16
8035.2475564981  2.128538E-16
8039.31821792011  2.050130E-16
8043.38887934211  2.079661E-16
8047.45954076413  2.228453E-16
8051.53020218613  2.097580E-16
8055.60086360814  2.204931E-16
8059.67152503015  2.151948E-16
8063.74218645216  2.097153E-16
8067.81284787417  2.136903E-16
8071.88350929618  2.120918E-16
8075.95417071819  2.126492E-16
8080.0248321402  2.123656E-16
8084.09549356221  2.111766E-16
8088.16615498422  2.162706E-16
8092.23681640622  2.235918E-16
8096.30747782823  2.294853E-16
8100.37813925024  2.248243E-16
8104.44880067225  2.198216E-16
8108.51946209426  2.190198E-16
8112.59012351627  2.087136E-16
8116.66078493828  2.067855E-16
8120.73144636029  2.088810E-16
8124.8021077823  2.007553E-16
8128.87276920431  1.949291E-16
8132.94343062632  1.981020E-16
8137.01409204832  2.051006E-16
8141.08475347033  2.157303E-16
8145.15541489234  2.141042E-16
8149.22607631435  2.074906E-16
8153.29673773636  1.939410E-16
8157.36739915837  1.907423E-16
8161.43806058038  1.911590E-16
8165.50872200239  1.850747E-16
8169.5793834244  1.893605E-16
8173.65004484641  2.074179E-16
8177.72070626842  2.041432E-16
8181.79136769042  2.049052E-16
8185.86202911243  1.980819E-16
8189.93269053444  2.015799E-16
8194.00335195645  1.985600E-16
8198.07401337846  1.840330E-16
8202.14467480047  1.784572E-16
8206.21533622248  1.769410E-16
8210.28599764449  1.842332E-16
8214.3566590665  1.927938E-16
8218.42732048851  1.969051E-16
8222.49798191052  2.018751E-16
8226.56864333252  2.014035E-16
8230.63930475453  1.970461E-16
8234.70996617654  1.939407E-16
8238.78062759855  1.930766E-16
8242.85128902056  1.912130E-16
8246.92195044257  1.891945E-16
8250.99261186458  1.898081E-16
8255.06327328659  1.916189E-16
8259.1339347086  1.975508E-16
8263.20459613061  2.008528E-16
8267.27525755262  2.060154E-16
8271.34591897462  2.081446E-16
8275.41658039663  1.983316E-16
8279.48724181864  1.815484E-16
8283.55790324065  1.814272E-16
8287.62856466266  1.861524E-16
8291.69922608467  1.713432E-16
8295.76988750668  1.745745E-16
8299.84054892869  1.830533E-16
8303.9112103507  1.873145E-16
8307.98187177271  1.853281E-16
8312.05253319472  1.852003E-16
8316.12319461673  1.990687E-16
8320.19385603874  1.928352E-16
8324.26451746074  1.853947E-16
8328.33517888275  1.891858E-16
8332.40584030476  1.849471E-16
8336.47650172677  1.798055E-16
8340.54716314878  1.800431E-16
8344.61782457079  1.678806E-16
8348.6884859928  1.742195E-16
8352.75914741481  1.973514E-16
8356.82980883682  1.879448E-16
8360.90047025883  1.892604E-16
8364.97113168084  1.998441E-16
8369.04179310285  1.819675E-16
8373.11245452485  1.765277E-16
8377.18311594686  1.842802E-16
8381.25377736887  1.807078E-16
8385.32443879088  1.796301E-16
8389.39510021289  1.746017E-16
8393.4657616349  1.794407E-16
8397.53642305691  1.841421E-16
8401.60708447892  2.039414E-16
8405.67774590093  1.949359E-16
8409.74840732294  1.867305E-16
8413.81906874495  1.867543E-16
8417.88973016695  1.750217E-16
8421.96039158896  1.704206E-16
8426.03105301097  1.627251E-16
8430.10171443298  1.695879E-16
8434.17237585499  1.746931E-16
8438.243037277  1.827617E-16
8442.31369869901  1.917286E-16
8446.38436012102  1.919902E-16
8450.45502154303  1.901855E-16
8454.52568296504  1.797402E-16
8458.59634438704  1.710924E-16
8462.66700580905  1.742675E-16
8466.73766723106  1.718228E-16
8470.80832865307  1.640211E-16
8474.87899007508  1.688560E-16
8478.94965149709  1.841400E-16
8483.0203129191  1.912448E-16
8487.09097434111  1.883075E-16
8491.16163576312  1.877189E-16
8495.23229718513  1.884027E-16
8499.30295860714  1.887722E-16
8503.37362002914  1.841202E-16
8507.44428145115  1.683088E-16
8511.51494287316  1.632361E-16
8515.58560429517  1.637204E-16
8519.65626571718  1.702359E-16
8523.72692713919  1.841994E-16
8527.7975885612  1.918103E-16
8531.86824998321  1.890475E-16
8535.93891140522  1.961895E-16
8540.00957282723  1.964521E-16
8544.08023424923  1.802767E-16
8548.15089567125  1.769192E-16
8552.22155709326  1.721215E-16
8556.29221851526  1.741918E-16
8560.36287993727  1.666877E-16
8564.43354135928  1.671995E-16
8568.50420278129  1.866284E-16
8572.5748642033  1.930481E-16
8576.64552562531  1.976178E-16
8580.71618704732  1.918900E-16
8584.78684846933  1.781172E-16
8588.85750989134  1.815741E-16
8592.92817131335  1.774610E-16
8596.99883273536  1.610396E-16
8601.06949415736  1.583645E-16
8605.14015557937  1.603825E-16
8609.21081700138  1.749197E-16
8613.28147842339  2.107334E-16
8617.3521398454  2.283146E-16
8621.42280126741  2.371990E-16
8625.49346268942  2.236029E-16
8629.56412411143  2.067013E-16
8633.63478553344  1.758403E-16
8637.70544695545  1.520558E-16
8641.77610837746  1.385115E-16
8645.84676979946  1.271045E-16
8649.91743122147  1.382024E-16
8653.98809264348  1.576228E-16
8658.05875406549  1.845570E-16
8662.1294154875  1.957214E-16
8666.20007690951  2.084169E-16
8670.27073833152  2.035848E-16
8674.34139975353  1.724467E-16
8678.41206117554  1.601007E-16
8682.48272259755  1.547759E-16
8686.55338401956  1.507670E-16
8690.62404544156  1.568408E-16
8694.69470686357  1.632732E-16
8698.76536828558  1.768880E-16
8702.83602970759  1.828683E-16
8706.9066911296  1.834316E-16
8710.97735255161  1.794577E-16
8715.04801397362  1.667157E-16
8719.11867539563  1.606224E-16
8723.18933681764  1.484430E-16
8727.25999823965  1.494340E-16
8731.33065966166  1.643913E-16
8735.40132108366  1.595598E-16
8739.47198250567  1.705791E-16
8743.54264392768  1.890591E-16
8747.61330534969  2.080821E-16
8751.6839667717  2.110425E-16
8755.75462819371  1.977741E-16
8759.82528961572  1.524923E-16
8763.89595103773  1.186059E-16
8767.96661245974  1.300931E-16
8772.03727388175  1.315880E-16
8776.10793530376  1.347503E-16
8780.17859672577  1.487091E-16
8784.24925814777  1.576334E-16
8788.31991956978  1.680987E-16
8792.39058099179  1.662996E-16
8796.4612424138  1.608936E-16
8800.53190383581  1.585354E-16
8804.60256525782  1.602031E-16
8808.67322667983  1.467212E-16
8812.74388810184  1.064794E-16
8816.81454952385  8.290650E-17
8820.88521094586  1.109918E-16
8824.95587236787  1.465251E-16
8829.02653378988  1.614501E-16
8833.09719521188  1.573733E-16
8837.16785663389  1.586571E-16
8841.2385180559  1.754624E-16
8845.30917947791  1.729859E-16
8849.37984089992  1.652349E-16
8853.45050232193  1.546850E-16
8857.52116374394  1.380929E-16
8861.59182516595  1.375277E-16
8865.66248658796  1.350652E-16
8869.73314800997  1.512080E-16
8873.80380943197  1.679501E-16
8877.87447085398  1.715361E-16
8881.94513227599  1.787542E-16
8886.015793698  1.914421E-16
8890.08645512001  1.892180E-16
8894.15711654202  1.749351E-16
8898.22777796403  1.745358E-16
8902.29843938604  1.638114E-16
8906.36910080805  1.228351E-16
8910.43976223006  1.220277E-16
8914.51042365207  1.175758E-16
8918.58108507408  1.238164E-16
8922.65174649608  1.395453E-16
8926.72240791809  1.589505E-16
8930.7930693401  1.781790E-16
8934.86373076211  1.909033E-16
8938.93439218412  2.010036E-16
8943.00505360613  1.928887E-16
8947.07571502814  1.833320E-16
8951.14637645015  1.822888E-16
8955.21703787216  1.541022E-16
8959.28769929417  1.401953E-16
8963.35836071617  1.656360E-16
8967.42902213818  1.667264E-16
8971.49968356019  1.547471E-16
8975.5703449822  1.629817E-16
8979.64100640421  1.754275E-16
8983.71166782622  1.843408E-16
8987.78232924823  1.908077E-16
8991.85299067024  1.836488E-16
8995.92365209225  1.780685E-16
8999.99431351426  1.764697E-16
9004.06497493627  1.672990E-16
9008.13563635827  1.667716E-16
9012.20629778028  1.449872E-16
9016.27695920229  1.490210E-16
9020.3476206243  1.439978E-16
9024.41828204631  1.425876E-16
9028.48894346832  1.540458E-16
9032.55960489033  1.686517E-16
9036.63026631234  1.844242E-16
9040.70092773435  1.886421E-16
9044.77158915636  1.868010E-16
9048.84225057837  1.908025E-16
9052.91291200038  1.821258E-16
9056.98357342239  1.639111E-16
9061.0542348444  1.606180E-16
9065.1248962664  1.623247E-16
9069.19555768841  1.535946E-16
9073.26621911042  1.500132E-16
9077.33688053243  1.536137E-16
9081.40754195444  1.513311E-16
9085.47820337645  1.520784E-16
9089.54886479846  1.693407E-16
9093.61952622047  1.878360E-16
9097.69018764248  1.807770E-16
9101.76084906449  1.677367E-16
9105.83151048649  1.653488E-16
9109.9021719085  1.577964E-16
9113.97283333051  1.692351E-16
9118.04349475252  1.684542E-16
9122.11415617453  1.478844E-16
9126.18481759654  1.476697E-16
9130.25547901855  1.521804E-16
9134.32614044056  1.697758E-16
9138.39680186257  1.559916E-16
9142.46746328458  1.855489E-16
9146.53812470658  1.803664E-16
9150.60878612859  1.820553E-16
9154.6794475506  1.690038E-16
9158.75010897261  1.640691E-16
9162.82077039462  1.681687E-16
9166.89143181663  1.606371E-16
9170.96209323864  1.503772E-16
9175.03275466065  1.480400E-16
9179.10341608266  1.463434E-16
9183.17407750467  1.469360E-16
9187.24473892668  1.468543E-16
9191.31540034869  1.550025E-16
9195.38606177069  1.653259E-16
9199.4567231927  1.707562E-16
9203.52738461471  1.857781E-16
9207.59804603672  1.824711E-16
9211.66870745873  1.641379E-16
9215.73936888074  1.666340E-16
9219.81003030275  1.615374E-16
9223.88069172476  1.547666E-16
9227.95135314677  1.568826E-16
9232.02201456878  1.549994E-16
9236.09267599079  1.559429E-16
9240.16333741279  1.622261E-16
9244.2339988348  1.653509E-16
9248.30466025681  1.828707E-16
9252.37532167882  1.956128E-16
9256.44598310083  1.837090E-16
9260.51664452284  1.772513E-16
9264.58730594485  1.696949E-16
9268.65796736686  1.709260E-16
9272.72862878887  1.583027E-16
9276.79929021088  1.562839E-16
9280.86995163289  1.544917E-16
9284.94061305489  1.423513E-16
9289.0112744769  1.767474E-16
9293.08193589892  1.810024E-16
9297.15259732092  1.946539E-16
9301.22325874293  2.171828E-16
9305.29392016494  2.312277E-16
9309.36458158695  2.079989E-16
9313.43524300896  1.808481E-16
9317.50590443097  1.747510E-16
9321.57656585298  1.654819E-16
9325.64722727498  1.615219E-16
9329.717888697  1.470247E-16
9333.78855011901  1.231597E-16
9337.85921154101  1.224191E-16
9341.92987296302  1.387643E-16
9346.00053438503  1.414330E-16
9350.07119580704  1.359571E-16
9354.14185722905  1.566873E-16
9358.21251865106  2.007639E-16
9362.28318007307  2.165554E-16
9366.35384149508  1.703942E-16
9370.42450291709  1.195110E-16
9374.4951643391  1.393945E-16
9378.5658257611  1.628297E-16
9382.63648718312  1.464920E-16
9386.70714860512  1.834782E-16
9390.77781002713  1.559246E-16
9394.84847144914  1.515954E-16
9398.91913287115  1.716519E-16
9402.98979429316  1.890177E-16
9407.06045571517  1.836047E-16
9411.13111713718  1.773085E-16
9415.20177855919  1.654259E-16
9419.2724399812  1.588812E-16
9423.34310140321  1.332672E-16
9427.41376282521  1.319649E-16
9431.48442424722  1.319499E-16
9435.55508566923  1.010187E-16
9439.62574709124  9.834606E-17
9443.69640851325  1.474579E-16
9447.76706993526  1.656821E-16
9451.83773135727  1.483338E-16
9455.90839277928  1.721257E-16
9459.97905420129  1.901327E-16
9464.0497156233  1.690337E-16
9468.1203770453  1.490172E-16
9472.19103846731  1.522711E-16
9476.26169988932  1.448264E-16
9480.33236131133  1.335642E-16
9484.40302273334  1.393225E-16
9488.47368415535  1.301857E-16
9492.54434557736  1.376879E-16
9496.61500699937  1.593379E-16
9500.68566842138  1.511987E-16
9504.75632984339  1.557557E-16
9508.8269912654  1.824575E-16
9512.8976526874  1.843561E-16
9516.96831410941  1.930070E-16
9521.03897553143  1.535362E-16
9525.10963695343  1.503084E-16
9529.18029837544  1.708196E-16
9533.25095979745  1.517405E-16
9537.32162121946  1.538112E-16
9541.39228264147  1.356910E-16
9545.46294406348  1.105019E-16
9549.53360548549  1.238350E-16
9553.6042669075  1.419336E-16
9557.6749283295  1.645310E-16
9561.74558975152  1.569848E-16
9565.81625117352  1.704526E-16
9569.88691259553  2.007423E-16
9573.95757401754  1.675224E-16
9578.02823543955  1.460420E-16
9582.09889686156  1.470727E-16
9586.16955828357  1.428735E-16
9590.24021970558  1.444082E-16
9594.31088112759  1.429395E-16
9598.3815425496  1.385044E-16
9602.45220397161  1.521715E-16
9606.52286539361  1.592290E-16
9610.59352681562  1.567528E-16
9614.66418823763  1.470941E-16
9618.73484965964  1.715715E-16
9622.80551108165  1.600629E-16
9626.87617250366  1.394141E-16
9630.94683392567  1.354685E-16
9635.01749534768  1.461068E-16
9639.08815676969  1.621120E-16
9643.1588181917  1.773641E-16
9647.22947961371  1.661365E-16
9651.30014103572  1.483357E-16
9655.37080245773  1.623823E-16
9659.44146387973  1.671766E-16
9663.51212530174  1.810950E-16
9667.58278672375  1.707124E-16
9671.65344814576  1.455396E-16
9675.72410956777  1.366878E-16
9679.79477098978  1.381285E-16
9683.86543241179  1.449085E-16
9687.9360938338  1.553867E-16
9692.00675525581  1.649608E-16
9696.07741667782  1.521570E-16
9700.14807809983  1.353803E-16
9704.21873952183  1.514094E-16
9708.28940094384  1.640767E-16
9712.36006236585  1.534852E-16
9716.43072378786  1.458238E-16
9720.50138520987  1.362908E-16
9724.57204663188  1.412718E-16
9728.64270805389  1.550239E-16
9732.7133694759  1.133400E-16
9736.78403089791  1.220638E-16
9740.85469231992  1.424510E-16
9744.92535374193  1.224672E-16
9748.99601516393  1.399374E-16
9753.06667658594  1.518421E-16
9757.13733800795  1.416871E-16
9761.20799942996  1.403554E-16
9765.27866085197  1.540590E-16
9769.34932227398  1.235304E-16
9773.41998369599  1.323472E-16
9777.490645118  1.255797E-16
9781.56130654001  1.555930E-16
9785.63196796202  1.368582E-16
9789.70262938402  1.430440E-16
9793.77329080604  1.445980E-16
9797.84395222804  1.395883E-16
9801.91461365005  1.606786E-16
9805.98527507206  1.546144E-16
9810.05593649407  1.396295E-16
9814.12659791608  1.533755E-16
9818.19725933809  1.780043E-16
9822.2679207601  1.726854E-16
9826.33858218211  1.574941E-16
9830.40924360411  1.750651E-16
9834.47990502613  1.750607E-16
9838.55056644814  1.411103E-16
9842.62122787014  1.512141E-16
9846.69188929215  1.779875E-16
9850.76255071416  1.620141E-16
9854.83321213617  1.291753E-16
9858.90387355818  1.304396E-16
9862.97453498019  1.538906E-16
9867.0451964022  1.464563E-16
9871.11585782421  1.518465E-16
9875.18651924622  1.229798E-16
9879.25718066823  1.165300E-16
9883.32784209024  1.093725E-16
9887.39850351224  1.125914E-16
9891.46916493425  1.254898E-16
9895.53982635626  1.218335E-16
9899.61048777827  1.165882E-16
9903.68114920028  1.274288E-16
9907.75181062229  1.590268E-16
9911.8224720443  1.460484E-16
9915.89313346631  1.083009E-16
9919.96379488832  1.265152E-16
9924.03445631033  1.581370E-16
9928.10511773233  1.450469E-16
9932.17577915434  1.183787E-16
9936.24644057635  1.031426E-16
9940.31710199836  1.007624E-16
9944.38776342037  5.509591E-17
9948.45842484238  -1.937541E-18
9952.52908626439  3.277094E-17
9956.5997476864  4.545425E-17
9960.67040910841  3.595809E-17
9964.74107053042  5.716811E-17
9968.81173195242  9.129690E-17
9972.88239337444  1.376074E-16
9976.95305479644  8.517110E-17
9981.02371621845  7.577461E-17
9985.09437764046  1.313536E-16
9989.16503906247  1.341282E-16
