3010.0 1.5849e-15
3012.0 1.08088e-15
3014.0 1.59523e-15
3016.0 -1.08241e-16
3018.0 1.99009e-16
3020.0 1.10705e-15
3022.0 -2.27802e-16
3024.0 7.93045e-16
3026.0 -3.01563e-16
3028.0 9.43112e-17
3030.0 3.21295e-16
3032.0 3.4457e-16
3034.0 -5.16252e-16
3036.0 3.7457e-16
3038.0 -1.5448e-16
3040.0 3.57181e-16
3042.0 1.90609e-16
3044.0 6.28881e-16
3046.0 -9.56097e-17
3048.0 -1.17822e-16
3050.0 2.1144e-17
3052.0 -1.28652e-16
3054.0 1.63654e-16
3056.0 2.40165e-16
3058.0 -5.6536e-17
3060.0 7.21992e-17
3062.0 -1.0156e-16
3064.0 -2.19793e-16
3066.0 3.68905e-17
3068.0 5.67315e-17
3070.0 3.20134e-17
3072.0 2.20446e-16
3074.0 -6.71921e-18
3076.0 6.49817e-17
3078.0 3.86673e-17
3080.0 1.028e-17
3082.0 8.99541e-17
3084.0 1.10437e-16
3086.0 2.36884e-16
3088.0 6.53425e-17
3090.0 1.65858e-16
3092.0 3.68316e-17
3094.0 6.18205e-18
3096.0 9.66011e-17
3098.0 3.99194e-19
3100.0 -8.13368e-17
3102.0 -5.49542e-17
3104.0 3.39888e-17
3106.0 -1.97099e-17
3108.0 -4.79764e-17
3110.0 7.22174e-17
3112.0 4.5292e-17
3114.0 2.16306e-17
3116.0 -1.98721e-17
3118.0 -2.41922e-17
3120.0 1.01422e-16
3122.0 4.7954e-17
3124.0 1.82486e-17
3126.0 4.48281e-17
3128.0 6.33731e-17
3130.0 5.27212e-17
3132.0 1.79293e-17
3134.0 2.04189e-17
3136.0 8.16597e-17
3138.0 6.40086e-17
3140.0 1.43096e-17
3142.0 3.59397e-17
3144.0 6.25594e-17
3146.0 3.64665e-17
3148.0 5.73396e-17
3150.0 2.52313e-17
3152.0 1.88833e-17
3154.0 7.81249e-17
3156.0 9.35142e-17
3158.0 2.26457e-17
3160.0 4.58952e-17
3162.0 6.29609e-17
3164.0 5.88286e-17
3166.0 4.7581e-17
3168.0 3.34061e-17
3170.0 5.79e-17
3172.0 2.36382e-17
3174.0 8.14535e-17
3176.0 5.49777e-17
3178.0 6.38285e-17
3180.0 5.54633e-17
3182.0 5.01877e-17
3184.0 2.37763e-17
3186.0 5.92958e-17
3188.0 4.82723e-17
3190.0 3.92278e-17
3192.0 5.85299e-17
3194.0 6.30404e-17
3196.0 4.51433e-18
3198.0 3.89999e-18
3200.0 3.47471e-17
3202.0 6.4655e-18
3204.0 6.58061e-17
3206.0 5.7414e-17
3208.0 4.25822e-17
3210.0 5.47837e-17
3212.0 4.743e-17
3214.0 1.1014e-17
3216.0 4.58861e-17
3218.0 4.90038e-17
3220.0 4.98331e-17
3222.0 6.23002e-17
3224.0 3.36528e-17
3226.0 3.34984e-17
3228.0 5.68047e-17
3230.0 5.54968e-17
3232.0 7.94013e-17
3234.0 5.51541e-17
3236.0 3.93733e-17
3238.0 3.67224e-17
3240.0 2.84109e-17
3242.0 5.0701e-17
3244.0 4.98721e-17
3246.0 6.79231e-17
3248.0 2.36453e-17
3250.0 3.05284e-17
3252.0 3.15285e-17
3254.0 1.18691e-17
3256.0 9.02718e-17
3258.0 8.55617e-17
3260.0 4.91467e-17
3262.0 4.13847e-17
3264.0 5.85044e-17
3266.0 7.91014e-17
3268.0 5.12578e-17
3270.0 3.69504e-17
3272.0 2.96399e-17
3274.0 4.24603e-17
3276.0 4.72217e-17
3278.0 6.24604e-17
3280.0 4.43915e-17
3282.0 7.02706e-17
3284.0 6.85655e-17
3286.0 4.65998e-17
3288.0 4.07124e-17
3290.0 2.60733e-17
3292.0 4.11214e-17
3294.0 3.01264e-17
3296.0 4.90157e-17
3298.0 4.51938e-17
3300.0 3.74039e-17
3302.0 6.62604e-17
3304.0 4.46399e-17
3306.0 4.64904e-17
3308.0 2.39414e-17
3310.0 3.80712e-17
3312.0 4.55491e-17
3314.0 4.64531e-17
3316.0 5.47194e-17
3318.0 3.01007e-17
3320.0 3.5808e-17
3322.0 2.87498e-17
3324.0 4.92634e-17
3326.0 4.9042e-17
3328.0 5.25942e-17
3330.0 5.69668e-17
3332.0 5.18823e-17
3334.0 4.09757e-17
3336.0 4.62354e-17
3338.0 5.47742e-17
3340.0 3.12876e-17
3342.0 3.49818e-17
3344.0 3.51e-17
3346.0 3.32143e-17
3348.0 6.76192e-17
3350.0 5.20485e-17
3352.0 6.14033e-17
3354.0 4.91604e-17
3356.0 4.34655e-17
3358.0 4.81184e-17
3360.0 4.57471e-17
3362.0 5.24072e-17
3364.0 3.25939e-17
3366.0 3.69281e-17
3368.0 4.76476e-17
3370.0 3.79409e-17
3372.0 4.3703e-17
3374.0 4.38071e-17
3376.0 3.55147e-17
3378.0 5.05477e-17
3380.0 5.35094e-17
3382.0 5.58356e-17
3384.0 3.15244e-17
3386.0 3.61528e-17
3388.0 5.26424e-17
3390.0 3.40613e-17
3392.0 4.90418e-17
3394.0 3.16635e-17
3396.0 2.91534e-17
3398.0 3.82662e-17
3400.0 4.66378e-17
3402.0 4.65774e-17
3404.0 4.98465e-17
3406.0 4.80059e-17
3408.0 5.62227e-17
3410.0 5.38225e-17
3412.0 3.15878e-17
3414.0 3.59215e-17
3416.0 5.72543e-17
3418.0 6.08228e-17
3420.0 6.07357e-17
3422.0 4.67642e-17
3424.0 3.00693e-17
3426.0 5.44551e-17
3428.0 4.41016e-17
3430.0 5.77392e-17
3432.0 5.0158e-17
3434.0 4.24233e-17
3436.0 3.10893e-17
3438.0 4.88547e-17
3440.0 5.58965e-17
3442.0 5.15889e-17
3444.0 5.05698e-17
3446.0 4.32734e-17
3448.0 4.64909e-17
3450.0 4.3457e-17
3452.0 3.80468e-17
3454.0 4.19657e-17
3456.0 3.90284e-17
3458.0 4.95579e-17
3460.0 5.46774e-17
3462.0 5.75764e-17
3464.0 3.70693e-17
3466.0 3.5438e-17
3468.0 4.58203e-17
3470.0 3.82187e-17
3472.0 4.82112e-17
3474.0 4.68621e-17
3476.0 4.21662e-17
3478.0 4.74464e-17
3480.0 4.93309e-17
3482.0 3.96796e-17
3484.0 4.08482e-17
3486.0 4.17642e-17
3488.0 5.1245e-17
3490.0 2.90288e-17
3492.0 4.43087e-17
3494.0 4.33416e-17
3496.0 4.3594e-17
3498.0 4.37113e-17
3500.0 3.75447e-17
3502.0 4.95879e-17
3504.0 5.09184e-17
3506.0 3.16852e-17
3508.0 4.57163e-17
3510.0 3.56536e-17
3512.0 4.01322e-17
3514.0 4.9215e-17
3516.0 3.41928e-17
3518.0 3.77187e-17
3520.0 4.06901e-17
3522.0 4.50214e-17
3524.0 4.47547e-17
3526.0 4.24211e-17
3528.0 5.27239e-17
3530.0 3.58364e-17
3532.0 4.31097e-17
3534.0 3.78711e-17
3536.0 4.73387e-17
3538.0 4.26874e-17
3540.0 4.57549e-17
3542.0 5.52966e-17
3544.0 5.72978e-17
3546.0 5.29986e-17
3548.0 5.58639e-17
3550.0 4.28852e-17
3552.0 3.45801e-17
3554.0 3.61344e-17
3556.0 4.50812e-17
3558.0 4.82693e-17
3560.0 4.32163e-17
3562.0 4.90081e-17
3564.0 3.60067e-17
3566.0 4.87998e-17
3568.0 4.15122e-17
3570.0 3.6235e-17
3572.0 4.42391e-17
3574.0 4.15623e-17
3576.0 3.66796e-17
3578.0 3.67311e-17
3580.0 4.96016e-17
3582.0 4.64707e-17
3584.0 4.88308e-17
3586.0 4.55851e-17
3588.0 4.23791e-17
3590.0 3.96543e-17
3592.0 4.75836e-17
3594.0 5.67066e-17
3596.0 4.80359e-17
3598.0 4.8423e-17
3600.0 4.19697e-17
3602.0 4.01713e-17
3604.0 5.25308e-17
3606.0 4.79107e-17
3608.0 4.32929e-17
3610.0 4.16502e-17
3612.0 5.35663e-17
3614.0 3.36135e-17
3616.0 4.78298e-17
3618.0 5.80557e-17
3620.0 4.91215e-17
3622.0 4.97244e-17
3624.0 5.12923e-17
3626.0 4.2418e-17
3628.0 3.99809e-17
3630.0 4.54533e-17
3632.0 4.81383e-17
3634.0 4.16719e-17
3636.0 4.81986e-17
3638.0 4.39108e-17
3640.0 4.88103e-17
3642.0 4.0047e-17
3644.0 4.39319e-17
3646.0 4.17683e-17
3648.0 4.4698e-17
3650.0 3.18036e-17
3652.0 5.14762e-17
3654.0 4.33613e-17
3656.0 5.15072e-17
3658.0 4.04334e-17
3660.0 3.58881e-17
3662.0 4.16968e-17
3664.0 4.20556e-17
3666.0 4.76786e-17
3668.0 4.41161e-17
3670.0 4.19492e-17
3672.0 3.18562e-17
3674.0 4.07427e-17
3676.0 5.09604e-17
3678.0 4.31697e-17
3680.0 4.33242e-17
3682.0 3.94609e-17
3684.0 4.82414e-17
3686.0 4.30475e-17
3688.0 4.47218e-17
3690.0 4.39224e-17
3692.0 4.531e-17
3694.0 4.17699e-17
3696.0 3.40187e-17
3698.0 3.64721e-17
3700.0 4.45543e-17
3702.0 3.59651e-17
3704.0 3.85262e-17
3706.0 3.97472e-17
3708.0 3.60221e-17
3710.0 3.84443e-17
3712.0 4.43683e-17
3714.0 4.3889e-17
3716.0 3.85828e-17
3718.0 3.41985e-17
3720.0 4.02392e-17
3722.0 4.42316e-17
3724.0 3.54861e-17
3726.0 4.53002e-17
3728.0 4.33541e-17
3730.0 4.77093e-17
3732.0 4.35621e-17
3734.0 4.38397e-17
3736.0 3.5579e-17
3738.0 3.66607e-17
3740.0 3.443e-17
3742.0 4.35417e-17
3744.0 4.57045e-17
3746.0 4.55834e-17
3748.0 3.98219e-17
3750.0 4.21507e-17
3752.0 2.9614e-17
3754.0 3.85789e-17
3756.0 3.82398e-17
3758.0 3.95961e-17
3760.0 4.41684e-17
3762.0 3.56763e-17
3764.0 3.86812e-17
3766.0 4.14157e-17
3768.0 3.97573e-17
3770.0 3.7859e-17
3772.0 3.93829e-17
3774.0 4.24666e-17
3776.0 4.45414e-17
3778.0 4.61201e-17
3780.0 3.87679e-17
3782.0 3.91623e-17
3784.0 4.59226e-17
3786.0 4.69953e-17
3788.0 4.72561e-17
3790.0 4.88907e-17
3792.0 4.0225e-17
3794.0 4.10701e-17
3796.0 4.51741e-17
3798.0 3.92635e-17
3800.0 4.33563e-17
3802.0 4.51994e-17
3804.0 4.01137e-17
3806.0 3.7651e-17
3808.0 4.21451e-17
3810.0 4.18458e-17
3812.0 4.53422e-17
3814.0 3.95254e-17
3816.0 5.12235e-17
3818.0 4.70213e-17
3820.0 3.872e-17
3822.0 4.11378e-17
3824.0 4.62777e-17
3826.0 3.66309e-17
3828.0 3.91477e-17
3830.0 3.62001e-17
3832.0 4.12385e-17
3834.0 4.15796e-17
3836.0 4.0411e-17
3838.0 3.69903e-17
3840.0 4.44853e-17
3842.0 4.21328e-17
3844.0 3.88973e-17
3846.0 3.33309e-17
3848.0 4.19951e-17
3850.0 4.64393e-17
3852.0 3.5614e-17
3854.0 3.15793e-17
3856.0 4.49812e-17
3858.0 4.52001e-17
3860.0 3.96384e-17
3862.0 3.55849e-17
3864.0 4.2455e-17
3866.0 4.27257e-17
3868.0 4.31264e-17
3870.0 4.85264e-17
3872.0 3.31743e-17
3874.0 3.9829e-17
3876.0 3.56479e-17
3878.0 4.21006e-17
3880.0 4.71685e-17
3882.0 3.91497e-17
3884.0 3.9277e-17
3886.0 4.00233e-17
3888.0 4.34884e-17
3890.0 4.15247e-17
3892.0 3.76105e-17
3894.0 4.12234e-17
3896.0 3.82535e-17
3898.0 3.30501e-17
3900.0 4.14798e-17
3902.0 4.32123e-17
3904.0 3.92536e-17
3906.0 3.69113e-17
3908.0 4.24636e-17
3910.0 4.56228e-17
3912.0 4.19339e-17
3914.0 3.46411e-17
3916.0 4.88627e-17
3918.0 4.62333e-17
3920.0 4.2163e-17
3922.0 4.39725e-17
3924.0 4.21926e-17
3926.0 4.46906e-17
3928.0 3.81632e-17
3930.0 4.09396e-17
3932.0 3.98147e-17
3934.0 3.84462e-17
3936.0 3.60408e-17
3938.0 3.66123e-17
3940.0 4.25036e-17
3942.0 3.41043e-17
3944.0 4.31944e-17
3946.0 4.2679e-17
3948.0 4.37862e-17
3950.0 3.97758e-17
3952.0 4.18588e-17
3954.0 4.49111e-17
3956.0 4.03538e-17
3958.0 4.25225e-17
3960.0 4.43819e-17
3962.0 4.29459e-17
3964.0 4.08654e-17
3966.0 3.98359e-17
3968.0 3.88607e-17
3970.0 4.10956e-17
3972.0 4.10055e-17
3974.0 4.17979e-17
3976.0 4.28496e-17
3978.0 3.85554e-17
3980.0 4.38264e-17
3982.0 3.77817e-17
3984.0 4.22605e-17
3986.0 4.11663e-17
3988.0 4.12167e-17
3990.0 4.08312e-17
3992.0 4.39221e-17
3994.0 3.36983e-17
3996.0 3.53222e-17
3998.0 3.61326e-17
4000.0 3.97686e-17
4002.0 4.17531e-17
4004.0 3.18548e-17
4006.0 3.94446e-17
4008.0 4.39892e-17
4010.0 3.56688e-17
4012.0 3.53712e-17
4014.0 4.35199e-17
4016.0 3.84742e-17
4018.0 3.06243e-17
4020.0 3.10951e-17
4022.0 4.55467e-17
4024.0 4.11182e-17
4026.0 4.18366e-17
4028.0 3.78622e-17
4030.0 3.51036e-17
4032.0 3.59945e-17
4034.0 3.67792e-17
4036.0 3.65289e-17
4038.0 4.21391e-17
4040.0 3.27994e-17
4042.0 3.3162e-17
4044.0 3.83972e-17
4046.0 3.58119e-17
4048.0 4.08234e-17
4050.0 3.94591e-17
4052.0 3.64129e-17
4054.0 3.57157e-17
4056.0 3.39128e-17
4058.0 3.01429e-17
4060.0 3.2136e-17
4062.0 4.00357e-17
4064.0 3.34809e-17
4066.0 3.81271e-17
4068.0 4.24678e-17
4070.0 3.80814e-17
4072.0 3.64172e-17
4074.0 3.56849e-17
4076.0 3.62392e-17
4078.0 3.69533e-17
4080.0 3.88386e-17
4082.0 3.7297e-17
4084.0 4.08949e-17
4086.0 4.07839e-17
4088.0 4.29627e-17
4090.0 4.80338e-17
4092.0 3.97128e-17
4094.0 3.24263e-17
4096.0 3.48061e-17
4098.0 3.28153e-17
4100.0 3.77577e-17
4102.0 3.28474e-17
4104.0 3.93378e-17
4106.0 3.85367e-17
4108.0 3.7897e-17
4110.0 3.44684e-17
4112.0 3.73368e-17
4114.0 2.89924e-17
4116.0 3.46506e-17
4118.0 3.86894e-17
4120.0 3.2084e-17
4122.0 3.53168e-17
4124.0 3.75626e-17
4126.0 4.02187e-17
4128.0 3.62132e-17
4130.0 3.42004e-17
4132.0 3.64056e-17
4134.0 3.07946e-17
4136.0 3.59801e-17
4138.0 3.60872e-17
4140.0 3.56254e-17
4142.0 3.68457e-17
4144.0 3.18816e-17
4146.0 3.6871e-17
4148.0 3.63299e-17
4150.0 3.72172e-17
4152.0 4.05876e-17
4154.0 3.90482e-17
4156.0 3.92623e-17
4158.0 4.04172e-17
4160.0 4.01642e-17
4162.0 3.50165e-17
4164.0 3.74307e-17
4166.0 3.92683e-17
4168.0 3.41598e-17
4170.0 3.34296e-17
4172.0 3.55324e-17
4174.0 4.07291e-17
4176.0 3.81478e-17
4178.0 3.78342e-17
4180.0 3.96912e-17
4182.0 3.64685e-17
4184.0 3.25318e-17
4186.0 3.14344e-17
4188.0 3.93385e-17
4190.0 4.12714e-17
4192.0 3.73689e-17
4194.0 3.48733e-17
4196.0 3.47724e-17
4198.0 3.07565e-17
4200.0 3.32625e-17
4202.0 3.40105e-17
4204.0 3.18332e-17
4206.0 3.55361e-17
4208.0 3.11469e-17
4210.0 3.34868e-17
4212.0 3.46212e-17
4214.0 3.20782e-17
4216.0 3.10377e-17
4218.0 3.55527e-17
4220.0 3.38072e-17
4222.0 3.47099e-17
4224.0 3.12257e-17
4226.0 3.03127e-17
4228.0 3.28868e-17
4230.0 3.65963e-17
4232.0 3.31577e-17
4234.0 3.98286e-17
4236.0 2.66584e-17
4238.0 3.13669e-17
4240.0 3.31342e-17
4242.0 3.27318e-17
4244.0 3.10546e-17
4246.0 3.23902e-17
4248.0 3.19582e-17
4250.0 3.54634e-17
4252.0 4.19908e-17
4254.0 3.42379e-17
4256.0 3.70346e-17
4258.0 3.84916e-17
4260.0 2.94168e-17
4262.0 3.80625e-17
4264.0 3.46307e-17
4266.0 3.52701e-17
4268.0 3.6653e-17
4270.0 3.4651e-17
4272.0 3.29242e-17
4274.0 3.35405e-17
4276.0 3.29873e-17
4278.0 3.43839e-17
4280.0 2.7896e-17
4282.0 3.84577e-17
4284.0 3.79947e-17
4286.0 3.76988e-17
4288.0 3.1924e-17
4290.0 3.19984e-17
4292.0 3.75516e-17
4294.0 3.30596e-17
4296.0 3.34458e-17
4298.0 2.75199e-17
4300.0 3.69904e-17
4302.0 3.39255e-17
4304.0 3.51837e-17
4306.0 3.07589e-17
4308.0 3.51516e-17
4310.0 3.40617e-17
4312.0 3.5681e-17
4314.0 3.79088e-17
4316.0 3.56475e-17
4318.0 3.1863e-17
4320.0 3.32954e-17
4322.0 3.3221e-17
4324.0 2.74524e-17
4326.0 3.54398e-17
4328.0 3.62737e-17
4330.0 3.82602e-17
4332.0 3.28733e-17
4334.0 3.1031e-17
4336.0 3.24762e-17
4338.0 3.45038e-17
4340.0 3.73789e-17
4342.0 3.54492e-17
4344.0 3.70141e-17
4346.0 3.15833e-17
4348.0 3.23589e-17
4350.0 3.34491e-17
4352.0 3.15807e-17
4354.0 3.51327e-17
4356.0 3.38192e-17
4358.0 3.07182e-17
4360.0 3.08743e-17
4362.0 3.04776e-17
4364.0 3.68214e-17
4366.0 3.35973e-17
4368.0 3.1495e-17
4370.0 3.60391e-17
4372.0 3.41785e-17
4374.0 3.51385e-17
4376.0 3.09319e-17
4378.0 3.25799e-17
4380.0 3.24598e-17
4382.0 3.65885e-17
4384.0 3.27389e-17
4386.0 3.07787e-17
4388.0 2.87283e-17
4390.0 2.60723e-17
4392.0 3.11973e-17
4394.0 3.58105e-17
4396.0 3.3009e-17
4398.0 3.25646e-17
4400.0 3.44526e-17
4402.0 2.76023e-17
4404.0 3.55876e-17
4406.0 3.27098e-17
4408.0 3.49638e-17
4410.0 3.18575e-17
4412.0 3.56848e-17
4414.0 3.54709e-17
4416.0 3.2487e-17
4418.0 3.11108e-17
4420.0 2.98029e-17
4422.0 3.36648e-17
4424.0 3.12597e-17
4426.0 3.29384e-17
4428.0 3.64072e-17
4430.0 3.06994e-17
4432.0 3.28562e-17
4434.0 2.91278e-17
4436.0 2.33722e-17
4438.0 2.55068e-17
4440.0 2.89479e-17
4442.0 3.15964e-17
4444.0 3.69975e-17
4446.0 2.91768e-17
4448.0 3.14948e-17
4450.0 3.09267e-17
4452.0 3.2393e-17
4454.0 3.23644e-17
4456.0 3.17299e-17
4458.0 3.85672e-17
4460.0 2.86901e-17
4462.0 3.05506e-17
4464.0 3.16874e-17
4466.0 3.21726e-17
4468.0 3.41078e-17
4470.0 2.97799e-17
4472.0 3.5826e-17
4474.0 3.71434e-17
4476.0 3.62954e-17
4478.0 3.77184e-17
4480.0 3.78583e-17
4482.0 3.59709e-17
4484.0 3.21097e-17
4486.0 2.86034e-17
4488.0 3.02319e-17
4490.0 3.56472e-17
4492.0 2.78743e-17
4494.0 3.33488e-17
4496.0 3.31684e-17
4498.0 3.20945e-17
4500.0 3.29671e-17
4502.0 4.09359e-17
4504.0 3.44309e-17
4506.0 3.31145e-17
4508.0 3.57808e-17
4510.0 3.49172e-17
4512.0 3.72577e-17
4514.0 3.30549e-17
4516.0 3.63342e-17
4518.0 2.8803e-17
4520.0 3.12442e-17
4522.0 2.90153e-17
4524.0 3.08623e-17
4526.0 3.21087e-17
4528.0 2.88285e-17
4530.0 3.0002e-17
4532.0 3.00868e-17
4534.0 2.91872e-17
4536.0 2.76388e-17
4538.0 2.94566e-17
4540.0 2.79297e-17
4542.0 2.89987e-17
4544.0 3.01287e-17
4546.0 2.42534e-17
4548.0 3.76918e-17
4550.0 3.40561e-17
4552.0 3.29773e-17
4554.0 3.19408e-17
4556.0 3.51639e-17
4558.0 3.27714e-17
4560.0 3.29576e-17
4562.0 3.40174e-17
4564.0 3.47804e-17
4566.0 3.4125e-17
4568.0 3.67095e-17
4570.0 3.14429e-17
4572.0 3.50864e-17
4574.0 3.63361e-17
4576.0 2.87362e-17
4578.0 3.33136e-17
4580.0 3.19932e-17
4582.0 3.25438e-17
4584.0 2.71538e-17
4586.0 2.91271e-17
4588.0 3.47028e-17
4590.0 3.96481e-17
4592.0 3.36321e-17
4594.0 3.07103e-17
4596.0 2.62415e-17
4598.0 3.37021e-17
4600.0 3.04285e-17
4602.0 3.33794e-17
4604.0 3.07665e-17
4606.0 3.19254e-17
4608.0 2.52058e-17
4610.0 3.15387e-17
4612.0 2.92124e-17
4614.0 3.22374e-17
4616.0 3.31114e-17
4618.0 3.27047e-17
4620.0 3.14875e-17
4622.0 2.96337e-17
4624.0 3.18539e-17
4626.0 3.09631e-17
4628.0 3.21426e-17
4630.0 3.11695e-17
4632.0 3.24014e-17
4634.0 3.10741e-17
4636.0 3.40039e-17
4638.0 3.35974e-17
4640.0 3.33796e-17
4642.0 3.31133e-17
4644.0 3.72634e-17
4646.0 3.39752e-17
4648.0 3.63533e-17
4650.0 3.14297e-17
4652.0 2.80169e-17
4654.0 2.86603e-17
4656.0 2.41988e-17
4658.0 2.92732e-17
4660.0 3.22963e-17
4662.0 3.23789e-17
4664.0 3.58352e-17
4666.0 2.86814e-17
4668.0 2.77521e-17
4670.0 3.50019e-17
4672.0 3.3742e-17
4674.0 3.24017e-17
4676.0 3.59982e-17
4678.0 3.05429e-17
4680.0 3.33837e-17
4682.0 3.70046e-17
4684.0 2.89007e-17
4686.0 2.94829e-17
4688.0 3.21494e-17
4690.0 3.24349e-17
4692.0 2.76869e-17
4694.0 2.72462e-17
4696.0 2.551e-17
4698.0 2.28443e-17
4700.0 2.5811e-17
4702.0 2.75434e-17
4704.0 3.12045e-17
4706.0 3.0475e-17
4708.0 3.72045e-17
4710.0 3.13018e-17
4712.0 3.50207e-17
4714.0 3.45823e-17
4716.0 3.05875e-17
4718.0 3.7515e-17
4720.0 3.24034e-17
4722.0 2.96797e-17
4724.0 3.01348e-17
4726.0 3.36412e-17
4728.0 3.19277e-17
4730.0 3.54976e-17
4732.0 3.2653e-17
4734.0 3.55361e-17
4736.0 3.73579e-17
4738.0 3.74012e-17
4740.0 3.92284e-17
4742.0 3.33831e-17
4744.0 3.80904e-17
4746.0 3.28359e-17
4748.0 3.30315e-17
4750.0 3.7071e-17
4752.0 3.24231e-17
4754.0 3.49719e-17
4756.0 3.51991e-17
4758.0 3.5885e-17
4760.0 3.56199e-17
4762.0 3.41377e-17
4764.0 3.54045e-17
4766.0 3.39695e-17
4768.0 3.65084e-17
4770.0 3.53834e-17
4772.0 3.72565e-17
4774.0 3.97687e-17
4776.0 3.89157e-17
4778.0 3.1406e-17
4780.0 3.48725e-17
4782.0 3.40339e-17
4784.0 3.37172e-17
4786.0 3.60063e-17
4788.0 3.25388e-17
4790.0 3.60793e-17
4792.0 3.41604e-17
4794.0 3.36785e-17
4796.0 3.22323e-17
4798.0 3.55054e-17
4800.0 2.9014e-17
4802.0 3.20175e-17
4804.0 3.64209e-17
4806.0 3.48724e-17
4808.0 3.56752e-17
4810.0 3.73811e-17
4812.0 3.65577e-17
4814.0 3.49593e-17
4816.0 3.08668e-17
4818.0 3.22986e-17
4820.0 3.43885e-17
4822.0 3.26461e-17
4824.0 3.30274e-17
4826.0 3.07691e-17
4828.0 3.38783e-17
4830.0 3.35249e-17
4832.0 3.43583e-17
4834.0 2.98895e-17
4836.0 3.23004e-17
4838.0 4.05376e-17
4840.0 3.41311e-17
4842.0 3.75162e-17
4844.0 3.53113e-17
4846.0 3.73767e-17
4848.0 3.20089e-17
4850.0 2.7474e-17
4852.0 3.02362e-17
4854.0 2.96721e-17
4856.0 3.00999e-17
4858.0 2.91619e-17
4860.0 3.23581e-17
4862.0 3.01395e-17
4864.0 2.57349e-17
4866.0 2.81917e-17
4868.0 3.35759e-17
4870.0 3.73971e-17
4872.0 3.26726e-17
4874.0 3.71262e-17
4876.0 2.99648e-17
4878.0 2.77712e-17
4880.0 3.34265e-17
4882.0 3.31021e-17
4884.0 3.97364e-17
4886.0 3.32668e-17
4888.0 3.03087e-17
4890.0 3.03121e-17
4892.0 3.00807e-17
4894.0 3.29467e-17
4896.0 3.59798e-17
4898.0 3.08873e-17
4900.0 3.3711e-17
4902.0 3.4319e-17
4904.0 3.55833e-17
4906.0 3.84655e-17
4908.0 3.44125e-17
4910.0 3.33264e-17
4912.0 3.36517e-17
4914.0 3.49876e-17
4916.0 3.3229e-17
4918.0 3.17231e-17
4920.0 3.26422e-17
4922.0 2.84018e-17
4924.0 3.50546e-17
4926.0 3.36852e-17
4928.0 3.6005e-17
4930.0 3.30576e-17
4932.0 3.10062e-17
4934.0 3.48888e-17
4936.0 3.43155e-17
4938.0 3.36343e-17
4940.0 3.03447e-17
4942.0 3.02298e-17
4944.0 3.52438e-17
4946.0 3.02279e-17
4948.0 3.30077e-17
4950.0 2.81146e-17
4952.0 3.12869e-17
4954.0 3.08066e-17
4956.0 3.06948e-17
4958.0 3.00978e-17
4960.0 3.08961e-17
4962.0 3.33202e-17
4964.0 3.24195e-17
4966.0 3.06923e-17
4968.0 2.92622e-17
4970.0 3.05165e-17
4972.0 2.65243e-17
4974.0 2.97297e-17
4976.0 3.24503e-17
4978.0 2.85191e-17
4980.0 3.32752e-17
4982.0 3.53302e-17
4984.0 3.17359e-17
4986.0 3.41734e-17
4988.0 3.60354e-17
4990.0 3.04108e-17
4992.0 2.90508e-17
4994.0 2.77851e-17
4996.0 3.25336e-17
4998.0 3.18084e-17
5000.0 3.23049e-17
5002.0 3.17769e-17
5004.0 2.82106e-17
5006.0 3.3031e-17
5008.0 3.37334e-17
5010.0 3.22386e-17
5012.0 2.86321e-17
5014.0 2.69426e-17
5016.0 2.96602e-17
5018.0 3.13118e-17
5020.0 3.40497e-17
5022.0 3.38766e-17
5024.0 3.68024e-17
5026.0 3.54293e-17
5028.0 3.58883e-17
5030.0 3.70103e-17
5032.0 3.20274e-17
5034.0 3.4011e-17
5036.0 2.75842e-17
5038.0 2.57502e-17
5040.0 3.16287e-17
5042.0 3.0619e-17
5044.0 3.13682e-17
5046.0 2.98077e-17
5048.0 3.35376e-17
5050.0 3.63437e-17
5052.0 3.08453e-17
5054.0 2.89214e-17
5056.0 2.93685e-17
5058.0 2.97494e-17
5060.0 2.79665e-17
5062.0 2.42304e-17
5064.0 3.01556e-17
5066.0 2.84913e-17
5068.0 3.0034e-17
5070.0 3.0822e-17
5072.0 2.89697e-17
5074.0 3.02153e-17
5076.0 3.10256e-17
5078.0 2.89959e-17
5080.0 2.79375e-17
5082.0 3.17003e-17
5084.0 3.12401e-17
5086.0 3.09479e-17
5088.0 2.87742e-17
5090.0 2.71594e-17
5092.0 2.93147e-17
5094.0 2.86834e-17
5096.0 2.61072e-17
5098.0 2.79918e-17
5100.0 2.6702e-17
5102.0 2.54335e-17
5104.0 3.15084e-17
5106.0 2.89284e-17
5108.0 3.62805e-17
5110.0 2.88789e-17
5112.0 3.03335e-17
5114.0 3.15725e-17
5116.0 3.39243e-17
5118.0 3.04919e-17
5120.0 3.23601e-17
5122.0 3.68138e-17
5124.0 2.75634e-17
5126.0 3.05552e-17
5128.0 3.69581e-17
5130.0 3.1242e-17
5132.0 2.74679e-17
5134.0 3.1603e-17
5136.0 3.2924e-17
5138.0 2.55869e-17
5140.0 2.51747e-17
5142.0 2.87546e-17
5144.0 3.05881e-17
5146.0 3.68692e-17
5148.0 2.70969e-17
5150.0 3.45277e-17
5152.0 2.96767e-17
5154.0 3.26166e-17
5156.0 2.99492e-17
5158.0 3.28176e-17
5160.0 2.54032e-17
5162.0 3.19871e-17
5164.0 2.92076e-17
5166.0 3.04733e-17
5168.0 3.66149e-17
5170.0 3.25251e-17
5172.0 3.12074e-17
5174.0 2.97911e-17
5176.0 2.68368e-17
5178.0 3.39139e-17
5180.0 3.40054e-17
5182.0 3.32672e-17
5184.0 3.3603e-17
5186.0 3.29992e-17
5188.0 3.27876e-17
5190.0 3.3455e-17
5192.0 2.93901e-17
5194.0 2.70259e-17
5196.0 3.12461e-17
5198.0 2.84304e-17
5200.0 3.69396e-17
5202.0 3.25377e-17
5204.0 3.07896e-17
5206.0 3.1523e-17
5208.0 3.18769e-17
5210.0 3.02218e-17
5212.0 2.98605e-17
5214.0 3.47326e-17
5216.0 3.3821e-17
5218.0 3.09028e-17
5220.0 2.92671e-17
5222.0 3.19308e-17
5224.0 2.97658e-17
5226.0 3.47044e-17
5228.0 3.28097e-17
5230.0 3.54102e-17
5232.0 3.07502e-17
5234.0 3.43159e-17
5236.0 3.0916e-17
5238.0 3.47147e-17
5240.0 3.53611e-17
5242.0 3.24868e-17
5244.0 3.31425e-17
5246.0 3.44539e-17
5248.0 3.05252e-17
5250.0 3.15815e-17
5252.0 3.28963e-17
5254.0 3.41347e-17
5256.0 2.72851e-17
5258.0 3.26792e-17
5260.0 3.64858e-17
5262.0 2.97422e-17
5264.0 3.39908e-17
5266.0 3.13429e-17
5268.0 3.13028e-17
5270.0 3.11363e-17
5272.0 4.04009e-17
5274.0 3.97719e-17
5276.0 2.31428e-17
5278.0 2.84027e-17
5280.0 3.31845e-17
5282.0 3.39578e-17
5284.0 3.09491e-17
5286.0 3.79673e-17
5288.0 3.15788e-17
5290.0 3.50658e-17
5292.0 3.25976e-17
5294.0 3.59516e-17
5296.0 3.48872e-17
5298.0 3.39331e-17
5300.0 3.29127e-17
5302.0 3.34589e-17
5304.0 2.9677e-17
5306.0 3.40629e-17
5308.0 3.80678e-17
5310.0 3.51784e-17
5312.0 3.5408e-17
5314.0 3.59452e-17
5316.0 3.40255e-17
5318.0 3.28964e-17
5320.0 3.41107e-17
5322.0 3.329e-17
5324.0 2.96995e-17
5326.0 3.3142e-17
5328.0 3.17835e-17
5330.0 3.14928e-17
5332.0 3.39502e-17
5334.0 3.14242e-17
5336.0 3.30404e-17
5338.0 2.92907e-17
5340.0 3.52701e-17
5342.0 3.34329e-17
5344.0 3.57141e-17
5346.0 3.49579e-17
5348.0 3.34229e-17
5350.0 2.9011e-17
5352.0 3.38815e-17
5354.0 3.19971e-17
5356.0 2.97602e-17
5358.0 2.60308e-17
5360.0 3.72305e-17
5362.0 3.60688e-17
5364.0 3.33689e-17
5366.0 3.25326e-17
5368.0 2.99333e-17
5370.0 2.64757e-17
5372.0 3.44067e-17
5374.0 3.53996e-17
5376.0 3.2791e-17
5378.0 3.7059e-17
5380.0 3.94353e-17
5382.0 2.73185e-17
5384.0 2.82421e-17
5386.0 3.4626e-17
5388.0 3.13267e-17
5390.0 3.02557e-17
5392.0 2.98911e-17
5394.0 3.46576e-17
5396.0 3.52732e-17
5398.0 3.35219e-17
5400.0 2.91595e-17
5402.0 3.177e-17
5404.0 3.34402e-17
5406.0 2.94628e-17
5408.0 4.00582e-17
5410.0 3.6285e-17
5412.0 3.25741e-17
5414.0 3.4337e-17
5416.0 3.67809e-17
5418.0 3.63019e-17
5420.0 3.77817e-17
5422.0 3.42262e-17
5424.0 3.16212e-17
5426.0 3.19402e-17
5428.0 3.42292e-17
5430.0 3.43476e-17
5432.0 3.20221e-17
5434.0 3.3944e-17
5436.0 3.35076e-17
5438.0 3.58854e-17
5440.0 2.90495e-17
5442.0 3.73003e-17
5444.0 3.17537e-17
5446.0 3.31231e-17
5448.0 2.95227e-17
5450.0 2.84943e-17
5452.0 3.00731e-17
5454.0 2.71353e-17
5456.0 3.06197e-17
5458.0 3.22432e-17
5460.0 3.21477e-17
5462.0 3.24962e-17
5464.0 3.71526e-17
5466.0 3.24349e-17
5468.0 2.98768e-17
5470.0 3.14932e-17
5472.0 3.13097e-17
5474.0 3.67931e-17
5476.0 3.45782e-17
5478.0 3.92878e-17
5480.0 3.44638e-17
5482.0 3.5698e-17
5484.0 3.82125e-17
5486.0 3.51329e-17
5488.0 3.91538e-17
5490.0 3.59936e-17
5492.0 3.00144e-17
5494.0 3.18986e-17
5496.0 3.28538e-17
5498.0 3.16658e-17
5500.0 3.12671e-17
5502.0 3.01014e-17
5504.0 3.21419e-17
5506.0 3.94402e-17
5508.0 3.24911e-17
5510.0 3.62182e-17
5512.0 3.82405e-17
5514.0 3.34123e-17
5516.0 3.18681e-17
5518.0 3.1851e-17
5520.0 2.94081e-17
5522.0 3.33024e-17
5524.0 3.49165e-17
5526.0 3.50766e-17
5528.0 3.00689e-17
5530.0 3.84136e-17
5532.0 3.71925e-17
5534.0 3.7248e-17
5536.0 3.56235e-17
5538.0 2.96673e-17
5540.0 3.41669e-17
5542.0 3.69438e-17
5544.0 3.44257e-17
5546.0 3.76472e-17
5548.0 3.208e-17
5550.0 3.38686e-17
5552.0 3.5406e-17
5554.0 2.96589e-17
5556.0 3.28948e-17
5558.0 3.85593e-17
5560.0 3.25976e-17
5562.0 3.62364e-17
5564.0 3.90411e-17
5566.0 2.92144e-17
5568.0 3.6389e-17
5570.0 3.85262e-17
5572.0 3.58318e-17
5574.0 3.68114e-17
5576.0 5.7055e-17
5578.0 4.54629e-17
5580.0 4.14154e-17
5582.0 3.32752e-17
5584.0 3.06517e-17
5586.0 3.80542e-17
5588.0 3.46257e-17
5590.0 3.59975e-17
5592.0 3.10376e-17
5594.0 3.38324e-17
5596.0 3.64733e-17
5598.0 3.47012e-17
5600.0 3.70167e-17
5602.0 3.67103e-17
5604.0 3.67903e-17
5606.0 3.63099e-17
5608.0 3.86698e-17
5610.0 3.32814e-17
5612.0 3.57196e-17
5614.0 4.30907e-17
5616.0 3.93787e-17
5618.0 3.42037e-17
5620.0 3.6877e-17
5622.0 3.76793e-17
5624.0 3.30413e-17
5626.0 3.55051e-17
5628.0 3.74539e-17
5630.0 4.25878e-17
5632.0 3.16637e-17
5634.0 3.93682e-17
5636.0 3.65931e-17
5638.0 4.38776e-17
5640.0 3.39072e-17
5642.0 3.34478e-17
5644.0 5.02678e-17
5646.0 3.9791e-17
5648.0 3.81064e-17
5650.0 3.86435e-17
5652.0 4.0472e-17
5654.0 3.89665e-17
5656.0 3.80187e-17
5658.0 4.17408e-17
5660.0 3.5175e-17
5662.0 3.76889e-17
5664.0 4.6367e-17
5666.0 4.85013e-17
5668.0 3.48145e-17
5670.0 4.09472e-17
5672.0 4.36115e-17
5674.0 4.7238e-17
5676.0 3.76782e-17
5678.0 5.05637e-17
5680.0 5.06131e-17
5682.0 4.40451e-17
5684.0 4.03267e-17
5686.0 4.55709e-17
5688.0 4.35798e-17
5690.0 3.15419e-17
5692.0 4.92708e-17
5694.0 4.53505e-17
5696.0 3.60333e-17
5698.0 4.11482e-17
5700.0 4.17118e-17
5702.0 4.29293e-17
5704.0 4.19393e-17
5706.0 3.8356e-17
5708.0 4.55566e-17
5710.0 4.49238e-17
5712.0 4.58599e-17
5714.0 4.4397e-17
5716.0 4.40127e-17
5718.0 3.92869e-17
5720.0 5.01161e-17
5722.0 4.47862e-17
5724.0 4.28911e-17
5726.0 3.74627e-17
5728.0 3.74077e-17
5730.0 4.134e-17
5732.0 4.99175e-17
5734.0 4.09913e-17
5736.0 4.82723e-17
5738.0 5.12741e-17
5740.0 4.51934e-17
5742.0 3.74243e-17
5744.0 4.47744e-17
5746.0 4.27367e-17
5748.0 3.2604e-17
5750.0 3.73179e-17
5752.0 4.41905e-17
5754.0 3.79109e-17
5756.0 3.66914e-17
5758.0 4.73177e-17
5760.0 3.77451e-17
5762.0 4.88906e-17
5764.0 3.85193e-17
5766.0 3.37456e-17
5768.0 4.45564e-17
5770.0 4.13687e-17
5772.0 4.39133e-17
5774.0 3.11413e-17
5776.0 4.36479e-17
5778.0 5.13487e-17
5780.0 4.14601e-17
5782.0 4.54985e-17
5784.0 3.41969e-17
5786.0 4.72144e-17
5788.0 4.27218e-17
5790.0 4.14723e-17
5792.0 4.33192e-17
5794.0 4.52926e-17
5796.0 5.3197e-17
5798.0 5.22809e-17
5800.0 4.52517e-17
5802.0 4.03913e-17
5804.0 3.72743e-17
5806.0 4.65473e-17
5808.0 4.81853e-17
5810.0 4.52392e-17
5812.0 4.14899e-17
5814.0 5.04779e-17
5816.0 5.00803e-17
5818.0 3.99939e-17
5820.0 4.41516e-17
5822.0 4.16083e-17
5824.0 3.98369e-17
5826.0 5.50849e-17
5828.0 4.97072e-17
5830.0 4.03508e-17
5832.0 4.93564e-17
5834.0 4.73906e-17
5836.0 3.92391e-17
5838.0 3.78734e-17
5840.0 3.92941e-17
5842.0 5.13942e-17
5844.0 4.59337e-17
5846.0 6.29491e-17
5848.0 5.99823e-17
5850.0 4.29026e-17
5852.0 4.05718e-17
5854.0 4.49491e-17
5856.0 4.03974e-17
5858.0 3.70528e-17
5860.0 5.43462e-17
5862.0 5.44883e-17
5864.0 5.2224e-17
5866.0 4.74189e-17
5868.0 4.49931e-17
5870.0 4.38611e-17
5872.0 4.40426e-17
5874.0 4.72011e-17
5876.0 4.00613e-17
5878.0 3.82161e-17
5880.0 5.03395e-17
5882.0 4.62018e-17
5884.0 3.78974e-17
5886.0 5.18776e-17
5888.0 4.19116e-17
5890.0 4.31934e-17
5892.0 5.50052e-17
5894.0 5.23282e-17
5896.0 3.35831e-17
5898.0 5.35722e-17
5900.0 4.30133e-17
5902.0 4.27872e-17
5904.0 4.05465e-17
5906.0 4.11817e-17
5908.0 4.40475e-17
5910.0 4.57602e-17
5912.0 4.03308e-17
5914.0 4.68882e-17
5916.0 4.71291e-17
5918.0 4.46156e-17
5920.0 5.35673e-17
5922.0 5.26372e-17
5924.0 5.43618e-17
5926.0 5.52904e-17
5928.0 4.21804e-17
5930.0 4.71364e-17
5932.0 5.01051e-17
5934.0 4.58618e-17
5936.0 4.26021e-17
5938.0 4.92451e-17
5940.0 4.44826e-17
5942.0 3.96353e-17
5944.0 4.57006e-17
5946.0 4.95139e-17
5948.0 4.36446e-17
5950.0 2.94666e-17
5952.0 3.56212e-17
5954.0 3.56331e-17
5956.0 4.15855e-17
5958.0 4.3369e-17
5960.0 4.38411e-17
5962.0 4.80974e-17
5964.0 3.99838e-17
5966.0 3.55125e-17
5968.0 3.35642e-17
5970.0 4.48923e-17
5972.0 4.90057e-17
5974.0 5.20663e-17
5976.0 4.25577e-17
5978.0 4.46768e-17
5980.0 4.79857e-17
5982.0 4.49231e-17
5984.0 4.61935e-17
5986.0 3.93128e-17
5988.0 3.61549e-17
5990.0 4.15327e-17
5992.0 5.60843e-17
5994.0 4.21006e-17
5996.0 4.24681e-17
5998.0 3.83034e-17
6000.0 3.78054e-17
6002.0 3.76215e-17
6004.0 4.02539e-17
6006.0 4.19898e-17
6008.0 4.0153e-17
6010.0 4.76728e-17
6012.0 4.02552e-17
6014.0 4.32128e-17
6016.0 3.61154e-17
6018.0 3.4708e-17
6020.0 3.12993e-17
6022.0 4.46586e-17
6024.0 4.13889e-17
6026.0 4.26649e-17
6028.0 3.86807e-17
6030.0 2.90479e-17
6032.0 3.179e-17
6034.0 4.61517e-17
6036.0 4.78542e-17
6038.0 3.42472e-17
6040.0 4.14082e-17
6042.0 3.84576e-17
6044.0 4.53267e-17
6046.0 3.43619e-17
6048.0 3.43688e-17
6050.0 4.58547e-17
6052.0 3.9233e-17
6054.0 2.97341e-17
6056.0 3.96786e-17
6058.0 3.92229e-17
6060.0 4.55925e-17
6062.0 4.15604e-17
6064.0 4.43187e-17
6066.0 4.39438e-17
6068.0 4.8872e-17
6070.0 4.02154e-17
6072.0 3.5958e-17
6074.0 3.00528e-17
6076.0 3.9788e-17
6078.0 4.25508e-17
6080.0 4.36266e-17
6082.0 4.65099e-17
6084.0 4.17151e-17
6086.0 3.71449e-17
6088.0 4.51904e-17
6090.0 3.31356e-17
6092.0 3.81446e-17
6094.0 3.85178e-17
6096.0 3.40544e-17
6098.0 4.15566e-17
6100.0 4.56321e-17
6102.0 3.64416e-17
6104.0 3.32342e-17
6106.0 4.04753e-17
6108.0 4.8626e-17
6110.0 3.45763e-17
6112.0 4.67989e-17
6114.0 3.91998e-17
6116.0 4.21388e-17
6118.0 3.67503e-17
6120.0 3.51037e-17
6122.0 4.07891e-17
6124.0 3.97741e-17
6126.0 3.76765e-17
6128.0 2.95081e-17
6130.0 3.21067e-17
6132.0 3.56498e-17
6134.0 4.47222e-17
6136.0 4.05586e-17
6138.0 3.42313e-17
6140.0 3.88879e-17
6142.0 3.63757e-17
6144.0 3.82353e-17
6146.0 4.22746e-17
6148.0 3.8659e-17
6150.0 3.79305e-17
6152.0 3.12141e-17
6154.0 4.00594e-17
6156.0 3.7369e-17
6158.0 3.93795e-17
6160.0 3.65319e-17
6162.0 3.57751e-17
6164.0 3.5714e-17
6166.0 3.08763e-17
6168.0 2.97889e-17
6170.0 3.49588e-17
6172.0 3.6092e-17
6174.0 4.27861e-17
6176.0 3.95234e-17
6178.0 3.77884e-17
6180.0 4.53859e-17
6182.0 4.06103e-17
6184.0 3.44469e-17
6186.0 3.9489e-17
6188.0 3.76875e-17
6190.0 3.61758e-17
6192.0 3.22748e-17
6194.0 4.35342e-17
6196.0 4.20448e-17
6198.0 4.45902e-17
6200.0 2.97564e-17
6202.0 3.84126e-17
6204.0 3.8847e-17
6206.0 3.91512e-17
6208.0 3.37789e-17
6210.0 4.74415e-17
6212.0 4.15725e-17
6214.0 3.72648e-17
6216.0 4.39526e-17
6218.0 4.77554e-17
6220.0 3.24724e-17
6222.0 3.60846e-17
6224.0 4.30106e-17
6226.0 3.64375e-17
6228.0 3.1621e-17
6230.0 4.21765e-17
6232.0 4.55844e-17
6234.0 4.18507e-17
6236.0 3.09726e-17
6238.0 3.07072e-17
6240.0 3.03158e-17
6242.0 3.40871e-17
6244.0 3.18238e-17
6246.0 3.08324e-17
6248.0 3.82516e-17
6250.0 3.63462e-17
6252.0 3.89689e-17
6254.0 4.02809e-17
6256.0 4.88193e-17
6258.0 3.11861e-17
6260.0 3.4136e-17
6262.0 3.87395e-17
6264.0 3.94233e-17
6266.0 3.52333e-17
6268.0 3.47861e-17
6270.0 3.79813e-17
6272.0 4.1174e-17
6274.0 4.38047e-17
6276.0 3.93271e-17
6278.0 3.04922e-17
6280.0 3.9242e-17
6282.0 3.12321e-17
6284.0 4.22285e-17
6286.0 4.03752e-17
6288.0 4.04336e-17
6290.0 4.01724e-17
6292.0 4.02501e-17
6294.0 3.77868e-17
6296.0 5.23861e-17
6298.0 6.57832e-17
6300.0 7.22718e-17
6302.0 5.80356e-17
6304.0 4.87134e-17
6306.0 3.36327e-17
6308.0 2.3753e-17
6310.0 3.4155e-17
6312.0 3.90962e-17
6314.0 3.80223e-17
6316.0 3.60881e-17
6318.0 3.82473e-17
6320.0 4.16569e-17
6322.0 3.9312e-17
6324.0 4.41808e-17
6326.0 4.91135e-17
6328.0 3.94481e-17
6330.0 3.82927e-17
6332.0 4.10422e-17
6334.0 4.27641e-17
6336.0 4.13287e-17
6338.0 5.25516e-17
6340.0 5.12612e-17
6342.0 4.29906e-17
6344.0 3.81452e-17
6346.0 3.93289e-17
6348.0 4.18316e-17
6350.0 4.37977e-17
6352.0 3.74645e-17
6354.0 4.19342e-17
6356.0 4.01418e-17
6358.0 3.52848e-17
6360.0 3.99274e-17
6362.0 4.37992e-17
6364.0 4.94002e-17
6366.0 4.42633e-17
6368.0 3.44027e-17
6370.0 4.85125e-17
6372.0 3.43872e-17
6374.0 3.24384e-17
6376.0 3.52019e-17
6378.0 4.20666e-17
6380.0 4.53164e-17
6382.0 3.35712e-17
6384.0 3.74779e-17
6386.0 3.77423e-17
6388.0 4.49016e-17
6390.0 4.81747e-17
6392.0 4.33051e-17
6394.0 3.60229e-17
6396.0 4.39766e-17
6398.0 4.21151e-17
6400.0 3.66228e-17
6402.0 3.28167e-17
6404.0 3.00615e-17
6406.0 2.98683e-17
6408.0 3.55566e-17
6410.0 3.87655e-17
6412.0 3.70517e-17
6414.0 3.73046e-17
6416.0 4.62082e-17
6418.0 4.07452e-17
6420.0 3.18433e-17
6422.0 3.57413e-17
6424.0 3.62155e-17
6426.0 3.19327e-17
6428.0 4.16152e-17
6430.0 4.00965e-17
6432.0 4.28573e-17
6434.0 3.65696e-17
6436.0 3.30664e-17
6438.0 3.12727e-17
6440.0 3.57934e-17
6442.0 4.12455e-17
6444.0 4.04608e-17
6446.0 3.45294e-17
6448.0 3.44458e-17
6450.0 3.58461e-17
6452.0 3.22629e-17
6454.0 4.19738e-17
6456.0 4.47445e-17
6458.0 3.75965e-17
6460.0 3.02637e-17
6462.0 3.72373e-17
6464.0 4.36669e-17
6466.0 4.13947e-17
6468.0 3.92577e-17
6470.0 3.64241e-17
6472.0 4.27053e-17
6474.0 3.95036e-17
6476.0 4.01891e-17
6478.0 3.04424e-17
6480.0 3.61699e-17
6482.0 3.06299e-17
6484.0 3.63624e-17
6486.0 3.06867e-17
6488.0 3.74869e-17
6490.0 3.76458e-17
6492.0 4.38874e-17
6494.0 4.07213e-17
6496.0 4.08035e-17
6498.0 4.00559e-17
6500.0 4.33576e-17
6502.0 3.37217e-17
6504.0 4.08279e-17
6506.0 4.1457e-17
6508.0 3.6168e-17
6510.0 4.04432e-17
6512.0 3.6937e-17
6514.0 3.93454e-17
6516.0 3.49816e-17
6518.0 3.56888e-17
6520.0 3.75984e-17
6522.0 3.45163e-17
6524.0 3.50212e-17
6526.0 3.77656e-17
6528.0 4.29786e-17
6530.0 3.66896e-17
6532.0 3.39203e-17
6534.0 3.35588e-17
6536.0 3.97113e-17
6538.0 4.37246e-17
6540.0 4.05673e-17
6542.0 3.59002e-17
6544.0 4.04934e-17
6546.0 3.74564e-17
6548.0 3.43011e-17
6550.0 3.96062e-17
6552.0 3.48545e-17
6554.0 3.45126e-17
6556.0 3.79956e-17
6558.0 3.65588e-17
6560.0 4.26274e-17
6562.0 3.81654e-17
6564.0 3.67509e-17
6566.0 3.59124e-17
6568.0 3.55891e-17
6570.0 4.25573e-17
6572.0 3.76629e-17
6574.0 3.53055e-17
6576.0 4.27875e-17
6578.0 4.63158e-17
6580.0 3.86987e-17
6582.0 3.69267e-17
6584.0 3.47316e-17
6586.0 3.86789e-17
6588.0 3.25279e-17
6590.0 3.84436e-17
6592.0 3.88099e-17
6594.0 4.40225e-17
6596.0 3.73629e-17
6598.0 3.71219e-17
6600.0 4.16791e-17
6602.0 3.5073e-17
6604.0 2.73939e-17
6606.0 3.34219e-17
6608.0 3.97452e-17
6610.0 3.7788e-17
6612.0 3.67171e-17
6614.0 3.67812e-17
6616.0 3.09938e-17
6618.0 3.50649e-17
6620.0 4.28593e-17
6622.0 3.63752e-17
6624.0 3.48676e-17
6626.0 3.96481e-17
6628.0 3.80323e-17
6630.0 3.28401e-17
6632.0 4.00475e-17
6634.0 3.59984e-17
6636.0 3.69047e-17
6638.0 2.92516e-17
6640.0 4.22336e-17
6642.0 3.8835e-17
6644.0 3.75516e-17
6646.0 3.81e-17
6648.0 3.49177e-17
6650.0 3.84577e-17
6652.0 3.82231e-17
6654.0 4.30306e-17
6656.0 3.60425e-17
6658.0 3.90279e-17
6660.0 4.2115e-17
6662.0 4.26951e-17
6664.0 3.91948e-17
6666.0 4.19879e-17
6668.0 3.67764e-17
6670.0 4.14397e-17
6672.0 3.53596e-17
6674.0 3.99626e-17
6676.0 3.7314e-17
6678.0 3.50269e-17
6680.0 3.24125e-17
6682.0 4.04914e-17
6684.0 4.06031e-17
6686.0 3.08015e-17
6688.0 3.6201e-17
6690.0 3.54112e-17
6692.0 3.33609e-17
6694.0 3.72959e-17
6696.0 4.09348e-17
6698.0 4.73162e-17
6700.0 3.97211e-17
6702.0 3.59648e-17
6704.0 3.1988e-17
6706.0 2.97107e-17
6708.0 2.98467e-17
6710.0 3.52303e-17
6712.0 4.12608e-17
6714.0 3.31448e-17
6716.0 4.39144e-17
6718.0 4.33945e-17
6720.0 4.06346e-17
6722.0 3.56474e-17
6724.0 3.43472e-17
6726.0 4.16892e-17
6728.0 3.32986e-17
6730.0 3.76614e-17
6732.0 4.41134e-17
6734.0 3.62324e-17
6736.0 3.21801e-17
6738.0 3.42447e-17
6740.0 4.22157e-17
6742.0 3.12745e-17
6744.0 3.65927e-17
6746.0 3.84037e-17
6748.0 4.01175e-17
6750.0 4.24746e-17
6752.0 3.98682e-17
6754.0 4.09092e-17
6756.0 3.62055e-17
6758.0 3.43068e-17
6760.0 4.4196e-17
6762.0 3.83669e-17
6764.0 4.01192e-17
6766.0 3.54259e-17
6768.0 3.30114e-17
6770.0 3.38842e-17
6772.0 4.36297e-17
6774.0 4.00788e-17
6776.0 4.22157e-17
6778.0 4.76818e-17
6780.0 4.16335e-17
6782.0 3.4673e-17
6784.0 3.71869e-17
6786.0 3.54414e-17
6788.0 3.8846e-17
6790.0 3.78496e-17
6792.0 3.94526e-17
6794.0 4.27594e-17
6796.0 3.62051e-17
6798.0 3.52253e-17
6800.0 3.43371e-17
6802.0 3.94875e-17
6804.0 3.76233e-17
6806.0 4.24733e-17
6808.0 4.44065e-17
6810.0 3.39502e-17
6812.0 3.64914e-17
6814.0 4.06204e-17
6816.0 3.97505e-17
6818.0 2.75059e-17
6820.0 4.28666e-17
6822.0 4.4265e-17
6824.0 3.66106e-17
6826.0 4.02825e-17
6828.0 3.85741e-17
6830.0 4.05903e-17
6832.0 3.59959e-17
6834.0 4.44303e-17
6836.0 4.04008e-17
6838.0 3.89263e-17
6840.0 3.94634e-17
6842.0 4.11313e-17
6844.0 3.74805e-17
6846.0 4.00813e-17
6848.0 3.58576e-17
6850.0 3.65857e-17
6852.0 3.62027e-17
6854.0 3.77221e-17
6856.0 3.90741e-17
6858.0 3.71162e-17
6860.0 4.11369e-17
6862.0 5.15801e-17
6864.0 3.73839e-17
6866.0 4.42492e-17
6868.0 3.92968e-17
6870.0 3.76073e-17
6872.0 4.0479e-17
6874.0 4.17571e-17
6876.0 3.46931e-17
6878.0 4.54099e-17
6880.0 4.32197e-17
6882.0 3.7018e-17
6884.0 3.10386e-17
6886.0 3.59705e-17
6888.0 4.05539e-17
6890.0 4.51131e-17
6892.0 3.55297e-17
6894.0 4.21109e-17
6896.0 3.51825e-17
6898.0 3.80145e-17
6900.0 4.17159e-17
6902.0 3.57928e-17
6904.0 4.44891e-17
6906.0 3.9028e-17
6908.0 3.88944e-17
6910.0 3.55289e-17
6912.0 3.80318e-17
6914.0 4.07759e-17
6916.0 3.94064e-17
6918.0 3.61749e-17
6920.0 4.1338e-17
6922.0 3.97729e-17
6924.0 4.29473e-17
6926.0 4.49194e-17
6928.0 3.61664e-17
6930.0 3.72356e-17
6932.0 3.67817e-17
6934.0 3.58527e-17
6936.0 3.99411e-17
6938.0 3.66515e-17
6940.0 3.79214e-17
6942.0 4.23741e-17
6944.0 3.42453e-17
6946.0 3.73444e-17
6948.0 4.25903e-17
6950.0 3.79959e-17
6952.0 3.96991e-17
6954.0 4.21948e-17
6956.0 3.71297e-17
6958.0 4.08528e-17
6960.0 4.09987e-17
6962.0 3.86988e-17
6964.0 3.79333e-17
6966.0 3.58351e-17
6968.0 3.75054e-17
6970.0 3.89206e-17
6972.0 3.82641e-17
6974.0 2.81791e-17
6976.0 3.15153e-17
6978.0 3.93672e-17
6980.0 3.87093e-17
6982.0 2.70294e-17
6984.0 3.54525e-17
6986.0 3.71166e-17
6988.0 3.74117e-17
6990.0 3.67075e-17
6992.0 3.31471e-17
6994.0 3.64364e-17
6996.0 3.40623e-17
6998.0 3.92121e-17
7000.0 3.3954e-17
7002.0 3.74849e-17
7004.0 3.53987e-17
7006.0 3.72132e-17
7008.0 3.50398e-17
7010.0 2.92677e-17
7012.0 3.89778e-17
7014.0 3.83302e-17
7016.0 4.30463e-17
7018.0 3.84087e-17
7020.0 3.33316e-17
7022.0 3.59775e-17
7024.0 3.66852e-17
7026.0 4.0833e-17
7028.0 3.67864e-17
7030.0 3.99301e-17
7032.0 4.06243e-17
7034.0 3.80877e-17
7036.0 3.23173e-17
7038.0 3.81943e-17
7040.0 3.82309e-17
7042.0 3.8569e-17
7044.0 3.35357e-17
7046.0 3.739e-17
7048.0 3.25123e-17
7050.0 3.07016e-17
7052.0 3.64487e-17
7054.0 4.05031e-17
7056.0 3.33668e-17
7058.0 3.33259e-17
7060.0 4.09836e-17
7062.0 3.88453e-17
7064.0 3.63573e-17
7066.0 3.58e-17
7068.0 3.60055e-17
7070.0 4.28339e-17
7072.0 3.64614e-17
7074.0 3.3335e-17
7076.0 3.32161e-17
7078.0 3.61481e-17
7080.0 3.29931e-17
7082.0 3.27129e-17
7084.0 3.3145e-17
7086.0 4.28544e-17
7088.0 3.65689e-17
7090.0 3.58841e-17
7092.0 3.79633e-17
7094.0 3.75198e-17
7096.0 3.56591e-17
7098.0 3.56771e-17
7100.0 3.27963e-17
7102.0 3.72893e-17
7104.0 3.82927e-17
7106.0 2.97701e-17
7108.0 3.41242e-17
7110.0 3.3539e-17
7112.0 3.27576e-17
7114.0 4.00092e-17
7116.0 3.54073e-17
7118.0 3.07169e-17
7120.0 3.21997e-17
7122.0 3.0131e-17
7124.0 3.33069e-17
7126.0 2.78777e-17
7128.0 2.97982e-17
7130.0 3.41601e-17
7132.0 3.54158e-17
7134.0 3.81317e-17
7136.0 3.38303e-17
7138.0 3.71271e-17
7140.0 3.30887e-17
7142.0 3.76113e-17
7144.0 3.66564e-17
7146.0 4.19001e-17
7148.0 3.73738e-17
7150.0 4.09421e-17
7152.0 3.08412e-17
7154.0 3.67717e-17
7156.0 3.49351e-17
7158.0 3.71527e-17
7160.0 3.61988e-17
7162.0 3.57837e-17
7164.0 3.74992e-17
7166.0 3.70903e-17
7168.0 3.34634e-17
7170.0 3.06765e-17
7172.0 3.36036e-17
7174.0 3.66568e-17
7176.0 3.35692e-17
7178.0 3.58393e-17
7180.0 3.88234e-17
7182.0 3.53347e-17
7184.0 3.39715e-17
7186.0 3.20286e-17
7188.0 3.66839e-17
7190.0 3.61863e-17
7192.0 3.19078e-17
7194.0 3.03423e-17
7196.0 3.25344e-17
7198.0 3.62248e-17
7200.0 3.19941e-17
7202.0 3.69994e-17
7204.0 3.07466e-17
7206.0 3.2641e-17
7208.0 2.90353e-17
7210.0 3.59745e-17
7212.0 3.11608e-17
7214.0 3.32499e-17
7216.0 3.75921e-17
7218.0 3.49455e-17
7220.0 3.60351e-17
7222.0 2.83983e-17
7224.0 3.02528e-17
7226.0 3.09913e-17
7228.0 3.25392e-17
7230.0 3.50603e-17
7232.0 3.40684e-17
7234.0 3.65194e-17
7236.0 3.63592e-17
7238.0 4.3174e-17
7240.0 4.77703e-17
7242.0 3.90955e-17
7244.0 4.11605e-17
7246.0 2.40462e-17
7248.0 2.41301e-17
7250.0 3.30406e-17
7252.0 3.23187e-17
7254.0 3.77427e-17
7256.0 3.57585e-17
7258.0 3.75496e-17
7260.0 3.6879e-17
7262.0 3.71892e-17
7264.0 3.41247e-17
7266.0 3.18472e-17
7268.0 2.72163e-17
7270.0 3.49567e-17
7272.0 4.29802e-17
7274.0 4.62761e-17
7276.0 3.88472e-17
7278.0 2.93205e-17
7280.0 2.93305e-17
7282.0 3.69583e-17
7284.0 4.53217e-17
7286.0 3.75346e-17
7288.0 3.13106e-17
7290.0 3.33941e-17
7292.0 3.22588e-17
7294.0 3.7674e-17
7296.0 3.5326e-17
7298.0 3.5846e-17
7300.0 3.50236e-17
7302.0 2.82933e-17
7304.0 3.12406e-17
7306.0 3.17507e-17
7308.0 3.01615e-17
7310.0 2.92415e-17
7312.0 3.322e-17
7314.0 3.95587e-17
7316.0 3.92924e-17
7318.0 3.1914e-17
7320.0 2.59417e-17
7322.0 3.63813e-17
7324.0 3.65608e-17
7326.0 3.42566e-17
7328.0 3.33628e-17
7330.0 4.08747e-17
7332.0 3.08732e-17
7334.0 3.36921e-17
7336.0 4.03115e-17
7338.0 3.95648e-17
7340.0 4.69737e-17
7342.0 3.62742e-17
7344.0 3.4759e-17
7346.0 3.09784e-17
7348.0 2.838e-17
7350.0 3.64331e-17
7352.0 3.5098e-17
7354.0 3.63245e-17
7356.0 3.77201e-17
7358.0 3.66904e-17
7360.0 3.57735e-17
7362.0 3.27523e-17
7364.0 3.74608e-17
7366.0 2.93032e-17
7368.0 3.49322e-17
7370.0 3.74538e-17
7372.0 3.84406e-17
7374.0 3.12708e-17
7376.0 3.39177e-17
7378.0 3.9739e-17
7380.0 3.42938e-17
7382.0 3.14004e-17
7384.0 3.07063e-17
7386.0 2.79407e-17
7388.0 2.89498e-17
7390.0 3.04098e-17
7392.0 3.2684e-17
7394.0 3.71925e-17
7396.0 3.13382e-17
7398.0 3.64405e-17
7400.0 3.42846e-17
7402.0 3.99338e-17
7404.0 3.54577e-17
7406.0 3.48725e-17
7408.0 3.76713e-17
7410.0 3.02464e-17
7412.0 3.60974e-17
7414.0 3.50538e-17
7416.0 3.60712e-17
7418.0 3.57667e-17
7420.0 3.97785e-17
7422.0 3.07288e-17
7424.0 3.33381e-17
7426.0 3.64567e-17
7428.0 3.61031e-17
7430.0 3.25898e-17
7432.0 3.59706e-17
7434.0 3.98032e-17
7436.0 3.54188e-17
7438.0 3.91499e-17
7440.0 3.75089e-17
7442.0 3.21615e-17
7444.0 3.62659e-17
7446.0 3.14033e-17
7448.0 3.16513e-17
7450.0 3.32553e-17
7452.0 3.73203e-17
7454.0 3.32089e-17
7456.0 3.63776e-17
7458.0 3.43128e-17
7460.0 3.25748e-17
7462.0 3.29655e-17
7464.0 4.48649e-17
7466.0 3.65855e-17
7468.0 3.42331e-17
7470.0 3.31798e-17
7472.0 3.17276e-17
7474.0 3.25433e-17
7476.0 3.62667e-17
7478.0 3.431e-17
7480.0 3.11867e-17
7482.0 3.39055e-17
7484.0 3.08892e-17
7486.0 3.31466e-17
7488.0 3.32495e-17
7490.0 2.86156e-17
7492.0 2.47713e-17
7494.0 3.69587e-17
7496.0 3.70978e-17
7498.0 3.75693e-17
7500.0 3.34186e-17
7502.0 3.56034e-17
7504.0 3.45487e-17
7506.0 3.12096e-17
7508.0 3.42875e-17
7510.0 2.91816e-17
7512.0 3.2166e-17
7514.0 3.64056e-17
7516.0 3.86084e-17
7518.0 3.9615e-17
7520.0 4.44529e-17
7522.0 3.33566e-17
7524.0 3.35538e-17
7526.0 3.33461e-17
7528.0 3.34733e-17
7530.0 3.36355e-17
7532.0 2.98485e-17
7534.0 3.31515e-17
7536.0 3.53843e-17
7538.0 3.60224e-17
7540.0 3.81597e-17
7542.0 3.4582e-17
7544.0 3.76661e-17
7546.0 3.54236e-17
7548.0 3.43234e-17
7550.0 3.84852e-17
7552.0 4.02483e-17
7554.0 3.73888e-17
7556.0 3.35958e-17
7558.0 3.97556e-17
7560.0 4.16855e-17
7562.0 3.79809e-17
7564.0 3.46125e-17
7566.0 3.86744e-17
7568.0 4.41892e-17
7570.0 4.41047e-17
7572.0 4.29054e-17
7574.0 3.98031e-17
7576.0 3.42783e-17
7578.0 3.71841e-17
7580.0 3.8189e-17
7582.0 3.62132e-17
7584.0 4.23258e-17
7586.0 4.00272e-17
7588.0 3.64254e-17
7590.0 3.88287e-17
7592.0 3.3772e-17
7594.0 3.41071e-17
7596.0 3.8847e-17
7598.0 4.44393e-17
7600.0 2.93237e-17
7602.0 2.65802e-17
7604.0 3.40015e-17
7606.0 4.68299e-17
7608.0 3.40234e-17
7610.0 3.52428e-17
7612.0 3.41588e-17
7614.0 3.8556e-17
7616.0 3.90843e-17
7618.0 3.772e-17
7620.0 3.32194e-17
7622.0 4.46417e-17
7624.0 3.70259e-17
7626.0 4.01749e-17
7628.0 4.07869e-17
7630.0 3.64425e-17
7632.0 3.49545e-17
7634.0 3.27346e-17
7636.0 3.5303e-17
7638.0 3.0228e-17
7640.0 2.99057e-17
7642.0 3.33407e-17
7644.0 3.3901e-17
7646.0 3.43402e-17
7648.0 3.83693e-17
7650.0 3.67263e-17
7652.0 3.86474e-17
7654.0 3.77872e-17
7656.0 3.10742e-17
7658.0 3.34022e-17
7660.0 4.49902e-17
7662.0 3.89528e-17
7664.0 3.60162e-17
7666.0 3.13009e-17
7668.0 4.05999e-17
7670.0 3.75928e-17
7672.0 3.38125e-17
7674.0 3.49523e-17
7676.0 3.75743e-17
7678.0 3.60169e-17
7680.0 3.57423e-17
7682.0 3.87946e-17
7684.0 4.19403e-17
7686.0 3.16036e-17
7688.0 3.30938e-17
7690.0 3.4111e-17
7692.0 3.10032e-17
7694.0 3.42096e-17
7696.0 3.36922e-17
7698.0 3.54904e-17
7700.0 4.15216e-17
7702.0 4.10441e-17
7704.0 4.38323e-17
7706.0 4.1382e-17
7708.0 4.70914e-17
7710.0 3.99254e-17
7712.0 4.55823e-17
7714.0 5.02819e-17
7716.0 4.66849e-17
7718.0 4.55542e-17
7720.0 3.4092e-17
7722.0 4.1506e-17
7724.0 4.58507e-17
7726.0 4.04255e-17
7728.0 4.02578e-17
7730.0 3.58436e-17
7732.0 4.29804e-17
7734.0 4.16313e-17
7736.0 4.3089e-17
7738.0 3.68353e-17
7740.0 4.15763e-17
7742.0 3.7147e-17
7744.0 3.90816e-17
7746.0 4.65366e-17
7748.0 4.87867e-17
7750.0 4.31743e-17
7752.0 4.19149e-17
7754.0 3.81874e-17
7756.0 4.14703e-17
7758.0 2.99141e-17
7760.0 3.83472e-17
7762.0 3.47349e-17
7764.0 3.37441e-17
7766.0 3.48888e-17
7768.0 4.21972e-17
7770.0 3.64191e-17
7772.0 2.93586e-17
7774.0 3.69055e-17
7776.0 3.91778e-17
7778.0 4.13423e-17
7780.0 3.85471e-17
7782.0 4.22546e-17
7784.0 3.88799e-17
7786.0 3.97639e-17
7788.0 3.47705e-17
7790.0 4.2823e-17
7792.0 4.97152e-17
7794.0 4.31246e-17
7796.0 3.7954e-17
7798.0 2.90209e-17
7800.0 3.0759e-17
7802.0 3.95035e-17
7804.0 3.2998e-17
7806.0 3.3167e-17
7808.0 3.20973e-17
7810.0 3.90186e-17
7812.0 4.15715e-17
7814.0 3.59421e-17
7816.0 3.66558e-17
7818.0 4.71034e-17
7820.0 4.08174e-17
7822.0 4.87614e-17
7824.0 3.59661e-17
7826.0 3.78546e-17
7828.0 3.95048e-17
7830.0 3.90287e-17
7832.0 3.71718e-17
7834.0 3.53327e-17
7836.0 3.93789e-17
7838.0 4.24814e-17
7840.0 4.24367e-17
7842.0 4.56458e-17
7844.0 4.23268e-17
7846.0 3.48057e-17
7848.0 4.35969e-17
7850.0 5.02574e-17
7852.0 4.31006e-17
7854.0 5.19872e-17
7856.0 4.82695e-17
7858.0 4.07526e-17
7860.0 4.03344e-17
7862.0 4.83906e-17
7864.0 3.72509e-17
7866.0 4.38693e-17
7868.0 4.88177e-17
7870.0 5.02749e-17
7872.0 4.20457e-17
7874.0 3.1727e-17
7876.0 3.34469e-17
7878.0 3.79904e-17
7880.0 4.35085e-17
7882.0 3.99822e-17
7884.0 3.93287e-17
7886.0 4.53028e-17
7888.0 3.90628e-17
7890.0 3.87848e-17
7892.0 4.20815e-17
7894.0 3.05973e-17
7896.0 3.93327e-17
7898.0 3.73171e-17
7900.0 4.09447e-17
7902.0 3.83207e-17
7904.0 3.44531e-17
7906.0 3.55164e-17
7908.0 4.36945e-17
7910.0 6.77222e-17
7912.0 5.77509e-17
7914.0 5.17293e-17
7916.0 4.34748e-17
7918.0 3.87816e-17
7920.0 4.48634e-17
7922.0 3.7348e-17
7924.0 3.5394e-17
7926.0 3.32714e-17
7928.0 4.12651e-17
7930.0 3.77132e-17
7932.0 3.28482e-17
7934.0 3.51809e-17
7936.0 3.12192e-17
7938.0 2.93259e-17
7940.0 3.2766e-17
7942.0 3.1959e-17
7944.0 3.45732e-17
7946.0 3.25425e-17
7948.0 3.29241e-17
7950.0 3.61157e-17
7952.0 3.28315e-17
7954.0 2.98614e-17
7956.0 3.41064e-17
7958.0 3.37695e-17
7960.0 3.9283e-17
7962.0 3.89429e-17
7964.0 4.18413e-17
7966.0 4.18179e-17
7968.0 3.85651e-17
7970.0 3.19076e-17
7972.0 2.84139e-17
7974.0 3.4059e-17
7976.0 3.44733e-17
7978.0 3.7605e-17
7980.0 3.98165e-17
7982.0 2.99492e-17
7984.0 2.90941e-17
7986.0 3.28142e-17
7988.0 3.70353e-17
7990.0 4.09239e-17
7992.0 3.92912e-17
7994.0 3.74848e-17
7996.0 3.39608e-17
7998.0 3.06592e-17
8000.0 3.55838e-17
8002.0 3.90135e-17
8004.0 3.5064e-17
8006.0 3.72191e-17
8008.0 3.63248e-17
8010.0 4.03529e-17
8012.0 4.18188e-17
8014.0 3.80486e-17
8016.0 3.8833e-17
8018.0 3.67155e-17
8020.0 2.88244e-17
8022.0 3.31661e-17
8024.0 4.17095e-17
8026.0 4.25279e-17
8028.0 4.16148e-17
8030.0 2.81956e-17
8032.0 2.72465e-17
8034.0 3.41816e-17
8036.0 3.13416e-17
8038.0 3.2826e-17
8040.0 3.70698e-17
8042.0 3.92808e-17
8044.0 3.39382e-17
8046.0 3.09525e-17
8048.0 3.86414e-17
8050.0 3.76664e-17
8052.0 4.67459e-17
8054.0 3.77269e-17
8056.0 3.41109e-17
8058.0 4.45725e-17
8060.0 3.46279e-17
8062.0 3.3238e-17
8064.0 3.71981e-17
8066.0 3.98477e-17
8068.0 2.87886e-17
8070.0 3.29229e-17
8072.0 3.37823e-17
8074.0 3.04337e-17
8076.0 3.29125e-17
8078.0 3.38409e-17
8080.0 3.00821e-17
8082.0 4.066e-17
8084.0 3.63781e-17
8086.0 3.3421e-17
8088.0 2.79786e-17
8090.0 2.86195e-17
8092.0 3.71657e-17
8094.0 3.55388e-17
8096.0 2.89419e-17
8098.0 3.72084e-17
8100.0 3.60327e-17
8102.0 3.05885e-17
8104.0 2.81975e-17
8106.0 2.9548e-17
8108.0 2.72909e-17
8110.0 3.50586e-17
8112.0 3.25605e-17
8114.0 3.28561e-17
8116.0 3.45628e-17
8118.0 3.35348e-17
8120.0 2.89706e-17
8122.0 3.61297e-17
8124.0 3.44505e-17
8126.0 3.21384e-17
8128.0 3.13015e-17
8130.0 2.98589e-17
8132.0 2.99054e-17
8134.0 3.18195e-17
8136.0 3.13286e-17
8138.0 3.28894e-17
8140.0 3.50672e-17
8142.0 2.98833e-17
8144.0 2.90164e-17
8146.0 2.67107e-17
8148.0 2.81988e-17
8150.0 3.47993e-17
8152.0 3.17395e-17
8154.0 3.27225e-17
8156.0 3.08964e-17
8158.0 3.00902e-17
8160.0 2.91647e-17
8162.0 2.46371e-17
8164.0 3.13934e-17
8166.0 3.80128e-17
8168.0 3.00951e-17
8170.0 3.16624e-17
8172.0 3.36992e-17
8174.0 2.92194e-17
8176.0 2.78218e-17
8178.0 3.67581e-17
8180.0 3.58014e-17
8182.0 3.09617e-17
8184.0 3.38716e-17
8186.0 3.35924e-17
8188.0 3.20153e-17
8190.0 3.07883e-17
8192.0 3.28092e-17
8194.0 2.95523e-17
8196.0 3.14215e-17
8198.0 3.58683e-17
8200.0 3.22066e-17
8202.0 3.26877e-17
8204.0 3.14187e-17
8206.0 2.76659e-17
8208.0 2.70335e-17
8210.0 2.95187e-17
8212.0 3.05039e-17
8214.0 3.31096e-17
8216.0 3.4024e-17
8218.0 3.58292e-17
8220.0 2.93483e-17
8222.0 2.82193e-17
8224.0 3.27713e-17
8226.0 2.77529e-17
8228.0 3.17304e-17
8230.0 2.8747e-17
8232.0 2.8022e-17
8234.0 3.10801e-17
8236.0 3.37427e-17
8238.0 2.96431e-17
8240.0 3.37042e-17
8242.0 3.61961e-17
8244.0 3.40557e-17
8246.0 3.05008e-17
8248.0 3.62432e-17
8250.0 3.30409e-17
8252.0 3.43508e-17
8254.0 3.29381e-17
8256.0 3.01773e-17
8258.0 3.00358e-17
8260.0 2.72021e-17
8262.0 2.73026e-17
8264.0 3.29163e-17
8266.0 3.26663e-17
8268.0 3.32705e-17
8270.0 3.3324e-17
8272.0 3.1547e-17
8274.0 3.60787e-17
8276.0 3.45669e-17
8278.0 4.10226e-17
8280.0 4.27354e-17
8282.0 3.61483e-17
8284.0 3.82253e-17
8286.0 4.06754e-17
8288.0 3.50529e-17
8290.0 2.99511e-17
8292.0 3.24969e-17
8294.0 3.81435e-17
8296.0 4.08417e-17
8298.0 2.92615e-17
8300.0 3.2478e-17
8302.0 3.43834e-17
8304.0 3.23283e-17
8306.0 2.96873e-17
8308.0 3.70623e-17
8310.0 4.01415e-17
8312.0 3.96e-17
8314.0 3.20869e-17
8316.0 3.6315e-17
8318.0 3.72839e-17
8320.0 3.15545e-17
8322.0 2.91765e-17
8324.0 2.96552e-17
8326.0 3.2625e-17
8328.0 3.5969e-17
8330.0 3.35401e-17
8332.0 3.01531e-17
8334.0 3.14342e-17
8336.0 3.14986e-17
8338.0 2.92154e-17
8340.0 4.62267e-17
8342.0 5.45058e-17
8344.0 5.68968e-17
8346.0 4.83916e-17
8348.0 1.4903e-17
8350.0 4.07182e-17
8352.0 3.50403e-17
8354.0 2.79061e-17
8356.0 2.68119e-17
8358.0 3.43319e-17
8360.0 3.28714e-17
8362.0 3.06487e-17
8364.0 3.37344e-17
8366.0 3.36022e-17
8368.0 2.94023e-17
8370.0 3.03934e-17
8372.0 3.15135e-17
8374.0 2.79306e-17
8376.0 3.15663e-17
8378.0 3.66664e-17
8380.0 3.55003e-17
8382.0 3.51323e-17
8384.0 3.51364e-17
8386.0 3.0106e-17
8388.0 3.3234e-17
8390.0 3.06561e-17
8392.0 3.18967e-17
8394.0 4.0339e-17
8396.0 4.18466e-17
8398.0 4.18082e-17
8400.0 4.40207e-17
8402.0 3.27175e-17
8404.0 2.97372e-17
8406.0 2.71402e-17
8408.0 3.11377e-17
8410.0 3.02256e-17
8412.0 4.62328e-17
8414.0 3.92091e-17
8416.0 3.82007e-17
8418.0 3.27298e-17
8420.0 3.45015e-17
8422.0 4.07863e-17
8424.0 4.36694e-17
8426.0 6.03541e-17
8428.0 7.08585e-17
8430.0 6.07149e-17
8432.0 5.01929e-17
8434.0 3.09014e-17
8436.0 2.83831e-17
8438.0 3.02742e-17
8440.0 2.93894e-17
8442.0 2.88102e-17
8444.0 2.86987e-17
8446.0 2.56724e-17
8448.0 2.98011e-17
8450.0 2.68846e-17
8452.0 3.37963e-17
8454.0 3.63295e-17
8456.0 3.15917e-17
8458.0 3.02968e-17
8460.0 2.87141e-17
8462.0 4.77646e-17
8464.0 4.56361e-17
8466.0 3.78653e-17
8468.0 2.89637e-17
8470.0 2.93903e-17
8472.0 3.01794e-17
8474.0 3.03913e-17
8476.0 2.8941e-17
8478.0 2.80773e-17
8480.0 2.86638e-17
8482.0 2.85594e-17
8484.0 2.51075e-17
8486.0 3.10196e-17
8488.0 2.62678e-17
8490.0 3.5599e-17
8492.0 3.28726e-17
8494.0 4.21232e-17
8496.0 3.69548e-17
8498.0 3.17646e-17
8500.0 3.45879e-17
8502.0 3.11021e-17
8504.0 3.20482e-17
8506.0 3.431e-17
8508.0 3.17452e-17
8510.0 2.55953e-17
8512.0 2.71558e-17
8514.0 2.79059e-17
8516.0 3.18701e-17
8518.0 3.14464e-17
8520.0 3.11385e-17
8522.0 2.82346e-17
8524.0 2.96511e-17
8526.0 2.55195e-17
8528.0 2.87456e-17
8530.0 2.70735e-17
8532.0 2.92298e-17
8534.0 3.05597e-17
8536.0 3.18873e-17
8538.0 2.92573e-17
8540.0 3.13108e-17
8542.0 2.89451e-17
8544.0 3.14759e-17
8546.0 3.55575e-17
8548.0 3.05116e-17
8550.0 3.19153e-17
8552.0 2.61853e-17
8554.0 2.96853e-17
8556.0 3.53664e-17
8558.0 3.3739e-17
8560.0 3.47388e-17
8562.0 3.13708e-17
8564.0 3.22562e-17
8566.0 2.61141e-17
8568.0 3.05688e-17
8570.0 3.38848e-17
8572.0 3.04712e-17
8574.0 3.37513e-17
8576.0 3.38172e-17
8578.0 3.46913e-17
8580.0 3.38511e-17
8582.0 3.22248e-17
8584.0 3.19791e-17
8586.0 3.73249e-17
8588.0 2.94026e-17
8590.0 3.36702e-17
8592.0 2.98255e-17
8594.0 3.99585e-17
8596.0 3.21931e-17
8598.0 3.4764e-17
8600.0 3.57701e-17
8602.0 2.69943e-17
8604.0 2.68192e-17
8606.0 3.27191e-17
8608.0 3.04136e-17
8610.0 3.54801e-17
8612.0 3.13953e-17
8614.0 2.96854e-17
8616.0 3.65376e-17
8618.0 3.36455e-17
8620.0 2.70753e-17
8622.0 3.06048e-17
8624.0 3.42977e-17
8626.0 3.99995e-17
8628.0 3.56614e-17
8630.0 4.06692e-17
8632.0 3.31689e-17
8634.0 2.95226e-17
8636.0 3.63667e-17
8638.0 3.70718e-17
8640.0 3.47741e-17
8642.0 3.17588e-17
8644.0 2.50669e-17
8646.0 3.28514e-17
8648.0 3.22543e-17
8650.0 2.97582e-17
8652.0 3.55533e-17
8654.0 3.25848e-17
8656.0 3.61408e-17
8658.0 3.34848e-17
8660.0 3.44639e-17
8662.0 3.89817e-17
8664.0 3.4754e-17
8666.0 3.60572e-17
8668.0 3.10473e-17
8670.0 2.80081e-17
8672.0 2.6302e-17
8674.0 2.63874e-17
8676.0 3.23885e-17
8678.0 3.32419e-17
8680.0 3.52224e-17
8682.0 3.16949e-17
8684.0 3.27807e-17
8686.0 3.34816e-17
8688.0 2.87233e-17
8690.0 3.5321e-17
8692.0 3.57034e-17
8694.0 3.43276e-17
8696.0 3.72406e-17
8698.0 3.48491e-17
8700.0 3.30757e-17
8702.0 3.57387e-17
8704.0 3.51986e-17
8706.0 3.27127e-17
8708.0 3.19972e-17
8710.0 3.20166e-17
8712.0 2.86772e-17
8714.0 2.77108e-17
8716.0 3.5455e-17
8718.0 3.57918e-17
8720.0 3.22917e-17
8722.0 3.58132e-17
8724.0 3.183e-17
8726.0 3.11298e-17
8728.0 3.16524e-17
8730.0 3.46819e-17
8732.0 3.45078e-17
8734.0 3.16688e-17
8736.0 3.53633e-17
8738.0 3.26975e-17
8740.0 3.21596e-17
8742.0 3.16446e-17
8744.0 3.02923e-17
8746.0 3.23988e-17
8748.0 3.04098e-17
8750.0 3.16094e-17
8752.0 3.43432e-17
8754.0 3.20895e-17
8756.0 3.3029e-17
8758.0 3.2544e-17
8760.0 2.78414e-17
8762.0 4.07765e-17
8764.0 4.78849e-17
8766.0 4.94385e-17
8768.0 3.16835e-17
8770.0 3.65914e-17
8772.0 2.83338e-17
8774.0 5.63853e-17
8776.0 5.99441e-17
8778.0 5.48147e-17
8780.0 3.03081e-17
8782.0 1.83406e-17
8784.0 2.56244e-17
8786.0 3.51126e-17
8788.0 4.41807e-17
8790.0 3.86534e-17
8792.0 4.25182e-17
8794.0 2.68783e-17
8796.0 3.14779e-17
8798.0 3.26969e-17
8800.0 3.1929e-17
8802.0 3.28907e-17
8804.0 3.09423e-17
8806.0 2.43452e-17
8808.0 2.8342e-17
8810.0 2.97084e-17
8812.0 2.74434e-17
8814.0 3.40399e-17
8816.0 3.12837e-17
8818.0 2.86389e-17
8820.0 2.76602e-17
8822.0 4.9515e-17
8824.0 7.98218e-17
8826.0 7.206e-17
8828.0 3.63318e-17
8830.0 9.45381e-18
8832.0 2.78318e-17
8834.0 5.12053e-17
8836.0 3.46507e-17
8838.0 3.62148e-17
8840.0 2.38452e-17
8842.0 2.48441e-17
8844.0 3.29478e-17
8846.0 3.92728e-17
8848.0 3.92812e-17
8850.0 2.83248e-17
8852.0 3.41606e-17
8854.0 2.57419e-17
8856.0 3.10667e-17
8858.0 3.16877e-17
8860.0 3.26932e-17
8862.0 3.10974e-17
8864.0 3.86362e-17
8866.0 4.35932e-17
8868.0 3.55714e-17
8870.0 3.66744e-17
8872.0 2.95722e-17
8874.0 2.68383e-17
8876.0 2.68677e-17
8878.0 3.11073e-17
8880.0 3.51826e-17
8882.0 6.5857e-17
8884.0 6.717e-17
8886.0 5.36851e-17
8888.0 2.63284e-17
8890.0 1.48397e-17
8892.0 2.94076e-17
8894.0 2.94407e-17
8896.0 3.31806e-17
8898.0 4.02048e-17
8900.0 4.38333e-17
8902.0 4.9743e-17
8904.0 4.71641e-17
8906.0 2.98346e-17
8908.0 2.63655e-17
8910.0 2.69488e-17
8912.0 3.24695e-17
8914.0 3.43389e-17
8916.0 5.17932e-17
8918.0 5.5808e-17
8920.0 5.93652e-17
8922.0 4.28124e-17
8924.0 2.67807e-17
8926.0 3.25812e-17
8928.0 3.46152e-17
8930.0 2.71189e-17
8932.0 3.21877e-17
8934.0 3.17119e-17
8936.0 3.22069e-17
8938.0 3.12639e-17
8940.0 3.96819e-17
8942.0 3.66838e-17
8944.0 3.8942e-17
8946.0 3.50206e-17
8948.0 2.75959e-17
8950.0 2.65493e-17
8952.0 2.39336e-17
8954.0 4.38365e-17
8956.0 5.09541e-17
8958.0 5.37163e-17
8960.0 3.03385e-17
8962.0 1.32546e-17
8964.0 3.19655e-17
8966.0 3.2218e-17
8968.0 2.96759e-17
8970.0 3.13599e-17
8972.0 3.02846e-17
8974.0 3.29434e-17
8976.0 2.92277e-17
8978.0 2.63975e-17
8980.0 3.23586e-17
8982.0 3.33047e-17
8984.0 3.62328e-17
8986.0 3.0539e-17
8988.0 2.69766e-17
8990.0 2.42064e-17
8992.0 2.68112e-17
8994.0 2.67286e-17
8996.0 3.05098e-17
8998.0 3.87564e-17
9000.0 4.264e-17
9002.0 4.13661e-17
9004.0 2.55218e-17
9006.0 2.32026e-17
9008.0 3.09834e-17
9010.0 2.6326e-17
9012.0 2.76041e-17
9014.0 2.92479e-17
9016.0 2.75831e-17
9018.0 2.83926e-17
9020.0 2.82789e-17
9022.0 2.79829e-17
9024.0 2.99627e-17
9026.0 2.86591e-17
9028.0 2.66599e-17
9030.0 3.06661e-17
9032.0 3.18465e-17
9034.0 2.71739e-17
9036.0 2.61891e-17
9038.0 2.57125e-17
9040.0 2.6025e-17
9042.0 3.1455e-17
9044.0 3.06618e-17
9046.0 3.48015e-17
9048.0 3.76313e-17
9050.0 3.22322e-17
9052.0 2.057e-17
9054.0 2.49638e-17
9056.0 2.82987e-17
9058.0 3.01842e-17
9060.0 2.77084e-17
9062.0 2.70469e-17
9064.0 3.02772e-17
9066.0 2.70956e-17
9068.0 2.48325e-17
9070.0 3.02268e-17
9072.0 2.97147e-17
9074.0 2.51917e-17
9076.0 2.46166e-17
9078.0 2.28669e-17
9080.0 2.37168e-17
9082.0 3.07429e-17
9084.0 2.85872e-17
9086.0 3.04314e-17
9088.0 2.70046e-17
9090.0 3.08886e-17
9092.0 3.22957e-17
9094.0 2.66695e-17
9096.0 2.38341e-17
9098.0 2.57701e-17
9100.0 2.97183e-17
9102.0 2.88419e-17
9104.0 2.567e-17
9106.0 2.67328e-17
9108.0 2.49907e-17
9110.0 2.82906e-17
9112.0 2.70122e-17
9114.0 2.75438e-17
9116.0 2.99895e-17
9118.0 2.56696e-17
9120.0 2.57316e-17
9122.0 2.82677e-17
9124.0 2.49557e-17
9126.0 2.49113e-17
9128.0 2.6495e-17
9130.0 2.45554e-17
9132.0 2.6534e-17
9134.0 2.59083e-17
9136.0 2.41669e-17
9138.0 2.41224e-17
9140.0 2.64495e-17
9142.0 2.57771e-17
9144.0 2.76917e-17
9146.0 3.1679e-17
9148.0 2.60748e-17
9150.0 2.67084e-17
9152.0 2.93927e-17
9154.0 2.21162e-17
9156.0 2.652e-17
9158.0 2.70377e-17
9160.0 2.6392e-17
9162.0 2.82543e-17
9164.0 2.42035e-17
9166.0 2.19103e-17
9168.0 2.46819e-17
9170.0 2.29941e-17
9172.0 2.35779e-17
9174.0 2.40336e-17
9176.0 2.73112e-17
9178.0 2.46842e-17
9180.0 2.22151e-17
9182.0 2.72708e-17
9184.0 2.70558e-17
9186.0 2.46021e-17
9188.0 2.8639e-17
9190.0 2.70374e-17
9192.0 2.48591e-17
9194.0 2.72793e-17
9196.0 2.47941e-17
9198.0 2.79757e-17
9200.0 2.75941e-17
9202.0 2.85828e-17
9204.0 2.60613e-17
9206.0 2.41985e-17
9208.0 2.70827e-17
9210.0 2.76108e-17
9212.0 2.67507e-17
9214.0 2.4828e-17
9216.0 2.29797e-17
9218.0 2.73309e-17
9220.0 2.48953e-17
9222.0 2.58677e-17
9224.0 2.85347e-17
9226.0 2.61071e-17
9228.0 2.64404e-17
9230.0 2.71594e-17
9232.0 2.63175e-17
9234.0 2.85086e-17
9236.0 2.61767e-17
9238.0 2.34598e-17
9240.0 2.65501e-17
9242.0 2.45266e-17
9244.0 2.47734e-17
9246.0 2.45228e-17
9248.0 2.16133e-17
9250.0 1.99424e-17
9252.0 2.54237e-17
9254.0 2.7213e-17
9256.0 2.4952e-17
9258.0 2.96431e-17
9260.0 3.42054e-17
9262.0 2.91581e-17
9264.0 2.70597e-17
9266.0 3.01129e-17
9268.0 3.05881e-17
9270.0 2.78251e-17
9272.0 2.48242e-17
9274.0 2.16842e-17
9276.0 2.4145e-17
9278.0 2.18288e-17
9280.0 2.17145e-17
9282.0 2.75844e-17
9284.0 2.67573e-17
9286.0 3.13408e-17
9288.0 2.85457e-17
9290.0 2.90979e-17
9292.0 2.71147e-17
9294.0 2.52713e-17
9296.0 2.30921e-17
9298.0 2.2912e-17
9300.0 2.50259e-17
9302.0 3.22959e-17
9304.0 4.34098e-17
9306.0 3.53868e-17
9308.0 4.34227e-17
9310.0 5.45324e-17
9312.0 3.20781e-17
9314.0 4.84608e-17
9316.0 9.59703e-18
9318.0 1.06927e-17
9320.0 5.25775e-17
9322.0 5.33763e-17
9324.0 5.33209e-17
9326.0 8.19199e-18
9328.0 1.6544e-17
9330.0 1.926e-17
9332.0 2.42805e-17
9334.0 2.4843e-17
9336.0 3.06549e-17
9338.0 2.04033e-17
9340.0 2.0165e-17
9342.0 1.41061e-17
9344.0 1.95011e-17
9346.0 2.66346e-17
9348.0 2.70195e-17
9350.0 2.7157e-17
9352.0 2.45776e-17
9354.0 1.48985e-17
9356.0 2.47903e-17
9358.0 2.99807e-17
9360.0 2.56553e-17
9362.0 2.73431e-17
9364.0 2.84248e-17
9366.0 2.37617e-17
9368.0 1.82712e-17
9370.0 2.72944e-17
9372.0 7.84209e-17
9374.0 1.0077e-16
9376.0 7.83498e-17
9378.0 3.39832e-17
9380.0 -1.50535e-18
9382.0 1.72686e-17
9384.0 3.07119e-17
9386.0 2.80449e-17
9388.0 3.15263e-17
9390.0 3.25865e-17
9392.0 2.88854e-17
9394.0 2.54143e-17
9396.0 2.17676e-17
9398.0 3.6507e-17
9400.0 3.80607e-17
9402.0 3.45519e-17
9404.0 2.32601e-17
9406.0 1.64923e-17
9408.0 2.416e-17
9410.0 2.81023e-17
9412.0 2.83691e-17
9414.0 2.53324e-17
9416.0 4.07635e-17
9418.0 4.84671e-17
9420.0 3.6492e-17
9422.0 3.15216e-17
9424.0 8.91395e-18
9426.0 1.75382e-17
9428.0 2.57677e-17
9430.0 2.32688e-17
9432.0 2.67207e-17
9434.0 2.58074e-17
9436.0 6.52214e-17
9438.0 5.65823e-17
9440.0 4.28762e-17
9442.0 5.94184e-19
9444.0 -1.88348e-18
9446.0 2.32807e-17
9448.0 2.57381e-17
9450.0 2.62799e-17
9452.0 2.58693e-17
9454.0 2.1263e-17
9456.0 5.00978e-17
9458.0 3.77258e-17
9460.0 3.64388e-17
9462.0 1.78204e-17
9464.0 2.02603e-17
9466.0 2.80555e-17
9468.0 2.48166e-17
9470.0 2.54241e-17
9472.0 2.24419e-17
9474.0 5.28189e-17
9476.0 6.16447e-17
9478.0 4.27429e-17
9480.0 4.02346e-18
9482.0 6.63345e-18
9484.0 1.75337e-17
9486.0 2.60907e-17
9488.0 2.69069e-17
9490.0 2.77046e-17
9492.0 2.94266e-17
9494.0 2.67158e-17
9496.0 2.73969e-17
9498.0 2.50935e-17
9500.0 4.04463e-17
9502.0 3.70054e-17
9504.0 1.68832e-17
9506.0 1.4391e-17
9508.0 1.98718e-17
9510.0 2.66009e-17
9512.0 2.66174e-17
9514.0 2.956e-17
9516.0 6.12239e-17
9518.0 5.41652e-17
9520.0 4.57815e-17
9522.0 6.30914e-18
9524.0 1.77959e-17
9526.0 2.24492e-17
9528.0 2.68614e-17
9530.0 2.63502e-17
9532.0 3.17594e-17
9534.0 3.24973e-17
9536.0 2.33629e-17
9538.0 3.06169e-17
9540.0 3.18879e-17
9542.0 2.88924e-17
9544.0 2.48781e-17
9546.0 2.15652e-17
9548.0 2.86039e-17
9550.0 4.20215e-17
9552.0 3.48606e-17
9554.0 2.56663e-17
9556.0 2.27285e-17
9558.0 2.14529e-17
9560.0 2.84759e-17
9562.0 1.9638e-17
9564.0 3.8357e-17
9566.0 4.14734e-17
9568.0 4.86652e-17
9570.0 2.49975e-17
9572.0 1.17121e-17
9574.0 3.26906e-17
9576.0 2.84307e-17
9578.0 1.97373e-17
9580.0 2.68926e-17
9582.0 2.2809e-17
9584.0 2.63084e-17
9586.0 2.21911e-17
9588.0 2.45555e-17
9590.0 2.87252e-17
9592.0 2.73589e-17
9594.0 2.47023e-17
9596.0 2.3446e-17
9598.0 2.6692e-17
9600.0 2.84801e-17
9602.0 2.53108e-17
9604.0 2.76731e-17
9606.0 2.93792e-17
9608.0 3.1473e-17
9610.0 2.72422e-17
9612.0 2.67513e-17
9614.0 2.92402e-17
9616.0 2.30697e-17
9618.0 3.20615e-17
9620.0 3.12206e-17
9622.0 2.86838e-17
9624.0 2.09744e-17
9626.0 2.23026e-17
9628.0 2.85213e-17
9630.0 2.41291e-17
9632.0 2.81901e-17
9634.0 2.92208e-17
9636.0 2.64848e-17
9638.0 2.58519e-17
9640.0 2.61902e-17
9642.0 2.69598e-17
9644.0 3.11038e-17
9646.0 2.88089e-17
9648.0 3.01175e-17
9650.0 2.5782e-17
9652.0 2.85376e-17
9654.0 2.82466e-17
9656.0 2.86626e-17
9658.0 3.20744e-17
9660.0 2.6136e-17
9662.0 2.20486e-17
9664.0 2.56589e-17
9666.0 4.8912e-17
9668.0 4.01066e-17
9670.0 3.48792e-17
9672.0 2.13491e-17
9674.0 2.65704e-17
9676.0 3.91143e-17
9678.0 4.3685e-17
9680.0 3.97237e-17
9682.0 3.73992e-17
9684.0 3.46708e-17
9686.0 2.36817e-17
9688.0 3.68718e-17
9690.0 3.59999e-17
9692.0 3.28253e-17
9694.0 2.57162e-17
9696.0 3.83058e-17
9698.0 4.12638e-17
9700.0 4.87639e-17
9702.0 2.29306e-17
9704.0 1.34678e-17
9706.0 2.87348e-17
9708.0 3.3459e-17
9710.0 3.15304e-17
9712.0 3.83793e-17
9714.0 2.35738e-17
9716.0 3.65393e-17
9718.0 4.50037e-17
9720.0 2.7996e-17
9722.0 1.93779e-17
9724.0 2.18875e-17
9726.0 2.53905e-17
9728.0 3.21299e-17
9730.0 2.91373e-17
9732.0 3.71267e-17
9734.0 3.83473e-17
9736.0 3.67935e-17
9738.0 2.88234e-17
9740.0 3.63704e-17
9742.0 2.86083e-17
9744.0 3.79683e-17
9746.0 3.48437e-17
9748.0 3.15236e-17
9750.0 3.04575e-17
9752.0 3.38521e-17
9754.0 2.71675e-17
9756.0 2.24829e-17
9758.0 3.3826e-17
9760.0 2.6349e-17
9762.0 2.7715e-17
9764.0 3.4517e-17
9766.0 3.09915e-17
9768.0 2.87547e-17
9770.0 2.67852e-17
9772.0 3.16248e-17
9774.0 2.87294e-17
9776.0 3.17718e-17
9778.0 2.83902e-17
9780.0 2.95814e-17
9782.0 2.70904e-17
9784.0 2.69073e-17
9786.0 4.07848e-17
9788.0 6.57994e-17
9790.0 6.4876e-17
9792.0 3.56563e-17
9794.0 2.46459e-17
9796.0 2.21725e-17
9798.0 4.51419e-17
9800.0 5.00407e-17
9802.0 2.65725e-17
9804.0 2.59604e-17
9806.0 3.22765e-17
9808.0 3.84328e-17
9810.0 3.68724e-17
9812.0 3.64965e-17
9814.0 3.40377e-17
9816.0 2.91816e-17
9818.0 3.04102e-17
9820.0 3.02972e-17
9822.0 3.66235e-17
9824.0 3.55708e-17
9826.0 2.67524e-17
9828.0 2.77258e-17
9830.0 2.89377e-17
9832.0 1.90402e-17
9834.0 2.5134e-17
9836.0 2.47749e-17
9838.0 2.50006e-17
9840.0 3.2062e-17
9842.0 2.9358e-17
9844.0 3.10749e-17
9846.0 4.55433e-17
9848.0 3.94812e-17
9850.0 3.17026e-17
9852.0 2.4766e-17
9854.0 2.81159e-17
9856.0 3.23053e-17
9858.0 2.75866e-17
9860.0 3.31079e-17
9862.0 2.85044e-17
9864.0 3.61553e-17
9866.0 2.91443e-17
9868.0 3.1249e-17
9870.0 8.24898e-17
9872.0 5.72008e-17
9874.0 5.03742e-17
9876.0 -7.73082e-19
9878.0 1.67057e-17
9880.0 2.83836e-17
9882.0 3.0469e-17
9884.0 3.0253e-17
9886.0 3.26585e-17
9888.0 3.49579e-17
9890.0 2.20325e-17
9892.0 5.24157e-17
9894.0 6.04762e-17
9896.0 4.52651e-17
9898.0 2.34084e-17
9900.0 2.5347e-17
9902.0 3.20554e-17
9904.0 2.76997e-17
9906.0 3.18158e-17
9908.0 3.04341e-17
9910.0 4.26142e-17
9912.0 9.98314e-17
9914.0 8.7719e-17
9916.0 5.61573e-17
9918.0 -1.63746e-17
9920.0 -7.00733e-18
9922.0 1.00797e-17
9924.0 3.4123e-17
9926.0 3.0911e-17
9928.0 3.05462e-17
9930.0 3.13296e-17
9932.0 2.69822e-17
9934.0 3.63073e-17
9936.0 3.37829e-17
9938.0 5.26726e-17
9940.0 4.66444e-17
9942.0 6.35291e-17
9944.0 6.29272e-17
9946.0 5.94579e-17
9948.0 4.16003e-17
9950.0 6.61349e-18
9952.0 3.78426e-17
9954.0 5.8954e-17
9956.0 4.41705e-17
9958.0 5.69942e-17
9960.0 6.50783e-17
9962.0 4.30682e-17
9964.0 3.69725e-17
9966.0 4.02543e-18
9968.0 2.24404e-17
9970.0 3.94692e-17
9972.0 3.96223e-17
9974.0 2.16626e-17
9976.0 1.56197e-17
9978.0 2.29178e-17
9980.0 1.93662e-17
9982.0 1.86865e-17
9984.0 2.63087e-17
9986.0 2.11799e-17
9988.0 2.53096e-17
9990.0 3.40566e-17
9992.0 3.52943e-17
9994.0 2.7259e-17
9996.0 3.06506e-17
9998.0 3.16043e-17
10000.0 4.06061e-17
10002.0 3.24637e-17
10004.0 2.86976e-17
10006.0 2.87105e-17
10008.0 1.74691e-17
10010.0 1.16821e-16
10012.0 4.15276e-17
10014.0 6.35586e-17
10016.0 7.78703e-17
10018.0 2.85309e-17
10020.0 4.36895e-17
10022.0 3.6537e-17
10024.0 4.48262e-17
10026.0 3.65413e-17
10028.0 4.21942e-17
10030.0 2.31178e-17
10032.0 3.68806e-17
10034.0 3.30088e-17
10036.0 4.1843e-17
10038.0 2.57892e-17
10040.0 2.94592e-17
10042.0 3.83042e-17
10044.0 2.64004e-17
10046.0 4.85375e-17
10048.0 3.06013e-17
10050.0 2.45751e-17
10052.0 2.95127e-17
10054.0 3.25216e-17
10056.0 2.67652e-17
10058.0 4.04008e-17
10060.0 4.04333e-17
10062.0 5.16117e-17
10064.0 -5.87626e-18
10066.0 1.92504e-17
10068.0 5.30539e-17
10070.0 4.18491e-17
10072.0 2.15125e-17
10074.0 3.45069e-17
10076.0 2.1266e-17
10078.0 6.22691e-17
10080.0 9.07661e-17
10082.0 8.40579e-17
10084.0 4.47712e-17
10086.0 8.97688e-19
10088.0 3.90314e-18
10090.0 2.74779e-17
10092.0 2.93882e-17
10094.0 2.04174e-17
10096.0 2.23866e-17
10098.0 3.74054e-17
10100.0 4.19245e-17
10102.0 6.26991e-17
10104.0 4.405e-17
10106.0 2.29689e-17
10108.0 -4.80684e-18
10110.0 2.09363e-17
10112.0 2.48764e-17
10114.0 3.54749e-17
10116.0 2.88529e-17
10118.0 3.15082e-17
10120.0 6.08096e-17
10122.0 8.6502e-17
10124.0 9.40149e-17
10126.0 3.09771e-17
10128.0 1.21421e-17
10130.0 1.71628e-17
10132.0 3.60414e-17
10134.0 2.87065e-17
10136.0 3.6144e-17
10138.0 3.77497e-17
10140.0 3.65451e-17
10142.0 5.09531e-17
10144.0 5.40379e-17
10146.0 3.63092e-17
10148.0 5.34297e-17
10150.0 7.72793e-17
10152.0 4.73702e-17
10154.0 5.12308e-17
10156.0 3.88025e-17
10158.0 4.35987e-17
10160.0 4.68168e-17
10162.0 3.77014e-17
10164.0 2.85588e-17
10166.0 7.41162e-18
10168.0 3.76284e-17
10170.0 8.81276e-17
10172.0 6.67353e-17
10174.0 2.79746e-17
10176.0 5.10208e-19
10178.0 3.57155e-17
10180.0 1.58178e-17
10182.0 3.82149e-17
10184.0 3.91425e-17
10186.0 2.90606e-17
10188.0 7.78033e-17
10190.0 6.30696e-17
10192.0 6.27399e-17
10194.0 1.25107e-17
10196.0 3.97366e-17
10198.0 4.12161e-17
10200.0 2.70249e-17
10202.0 3.63956e-17
10204.0 4.29429e-17
10206.0 2.15664e-17
10208.0 1.18049e-16
10210.0 3.17829e-17
10212.0 -3.16543e-17
10214.0 1.07767e-17
10216.0 5.49714e-18
10218.0 5.00211e-17
10220.0 3.82227e-17
10222.0 3.30258e-17
10224.0 6.12161e-17
10226.0 5.8903e-17
10228.0 4.61472e-17
10230.0 2.58651e-18
10232.0 4.90563e-17
10234.0 4.63075e-17
10236.0 -2.16787e-18
10238.0 2.64556e-17
10240.0 2.61456e-17
