3020.0 5.99064e-17
3022.0 3.70954e-16
3024.0 6.30872e-17
3026.0 3.64068e-16
3028.0 1.16167e-16
3030.0 -1.01968e-16
3032.0 3.28978e-16
3034.0 6.25098e-17
3036.0 -2.06481e-16
3038.0 2.55621e-16
3040.0 1.70174e-16
3042.0 -1.49668e-16
3044.0 -1.43131e-16
3046.0 3.25442e-17
3048.0 1.88291e-16
3050.0 -4.44662e-18
3052.0 6.86216e-17
3054.0 1.95889e-16
3056.0 3.79269e-17
3058.0 -1.23646e-18
3060.0 2.62777e-16
3062.0 1.00582e-16
3064.0 9.738e-17
3066.0 1.03845e-16
3068.0 4.9726e-17
3070.0 2.58023e-17
3072.0 1.39662e-16
3074.0 -1.37098e-17
3076.0 8.23637e-17
3078.0 1.45642e-16
3080.0 4.33616e-17
3082.0 5.51137e-17
3084.0 7.63989e-17
3086.0 4.8506e-17
3088.0 4.64172e-17
3090.0 9.16913e-18
3092.0 4.96451e-17
3094.0 8.23168e-17
3096.0 7.22369e-17
3098.0 6.77555e-17
3100.0 5.30923e-17
3102.0 5.59869e-17
3104.0 5.61396e-17
3106.0 1.11708e-16
3108.0 8.55215e-17
3110.0 5.85019e-17
3112.0 4.44891e-17
3114.0 6.07627e-17
3116.0 2.74824e-17
3118.0 7.83971e-17
3120.0 1.02182e-16
3122.0 5.93341e-17
3124.0 8.19255e-17
3126.0 6.24189e-17
3128.0 9.32974e-17
3130.0 3.63508e-17
3132.0 2.36166e-17
3134.0 1.16495e-17
3136.0 6.26058e-17
3138.0 2.43689e-17
3140.0 1.53434e-17
3142.0 6.2166e-17
3144.0 6.09745e-17
3146.0 5.527e-17
3148.0 6.09809e-17
3150.0 4.15498e-17
3152.0 4.44513e-17
3154.0 7.85728e-17
3156.0 4.69723e-17
3158.0 7.13222e-17
3160.0 4.90936e-17
3162.0 5.16489e-17
3164.0 7.2091e-17
3166.0 5.12413e-17
3168.0 5.09648e-17
3170.0 5.0819e-17
3172.0 4.77525e-17
3174.0 4.93793e-17
3176.0 4.81722e-17
3178.0 3.88153e-17
3180.0 4.33132e-17
3182.0 3.24838e-17
3184.0 4.63075e-17
3186.0 5.36069e-17
3188.0 4.53108e-17
3190.0 4.04491e-17
3192.0 3.98416e-17
3194.0 4.34762e-17
3196.0 4.57184e-17
3198.0 5.23438e-17
3200.0 3.03838e-17
3202.0 3.36816e-17
3204.0 2.55282e-17
3206.0 3.18738e-17
3208.0 5.19936e-17
3210.0 4.45474e-17
3212.0 4.36802e-17
3214.0 3.49169e-17
3216.0 4.11918e-17
3218.0 2.99911e-17
3220.0 5.37128e-17
3222.0 4.16613e-17
3224.0 4.49861e-17
3226.0 3.67808e-17
3228.0 3.05661e-17
3230.0 3.20074e-17
3232.0 4.98706e-17
3234.0 4.16064e-17
3236.0 4.86269e-17
3238.0 4.08481e-17
3240.0 3.7276e-17
3242.0 4.39936e-17
3244.0 4.22211e-17
3246.0 5.67819e-17
3248.0 4.60142e-17
3250.0 4.99039e-17
3252.0 5.30033e-17
3254.0 3.93946e-17
3256.0 4.7719e-17
3258.0 3.19134e-17
3260.0 3.55042e-17
3262.0 3.79532e-17
3264.0 4.87894e-17
3266.0 3.53682e-17
3268.0 4.34552e-17
3270.0 3.99868e-17
3272.0 4.70106e-17
3274.0 4.63348e-17
3276.0 5.09171e-17
3278.0 4.36474e-17
3280.0 5.02488e-17
3282.0 4.72246e-17
3284.0 4.28476e-17
3286.0 4.25984e-17
3288.0 5.27944e-17
3290.0 3.95622e-17
3292.0 4.55742e-17
3294.0 4.854e-17
3296.0 5.31904e-17
3298.0 5.20288e-17
3300.0 5.87569e-17
3302.0 4.69972e-17
3304.0 5.46424e-17
3306.0 4.91569e-17
3308.0 4.44242e-17
3310.0 4.37917e-17
3312.0 5.06249e-17
3314.0 5.2372e-17
3316.0 4.92094e-17
3318.0 5.29783e-17
3320.0 4.82054e-17
3322.0 4.49055e-17
3324.0 3.76697e-17
3326.0 4.10762e-17
3328.0 3.7947e-17
3330.0 4.46579e-17
3332.0 4.30464e-17
3334.0 4.85119e-17
3336.0 5.42089e-17
3338.0 5.17625e-17
3340.0 4.9348e-17
3342.0 4.3855e-17
3344.0 4.55892e-17
3346.0 3.36159e-17
3348.0 3.73678e-17
3350.0 3.99088e-17
3352.0 4.21572e-17
3354.0 4.69827e-17
3356.0 4.2112e-17
3358.0 4.97074e-17
3360.0 4.45726e-17
3362.0 5.21825e-17
3364.0 4.35166e-17
3366.0 3.04099e-17
3368.0 3.82013e-17
3370.0 4.52386e-17
3372.0 4.9944e-17
3374.0 5.22674e-17
3376.0 5.55077e-17
3378.0 4.68888e-17
3380.0 4.59224e-17
3382.0 5.13138e-17
3384.0 4.70806e-17
3386.0 4.85252e-17
3388.0 4.84413e-17
3390.0 4.29379e-17
3392.0 5.46917e-17
3394.0 5.10097e-17
3396.0 5.20525e-17
3398.0 4.96908e-17
3400.0 4.92722e-17
3402.0 5.09509e-17
3404.0 5.42695e-17
3406.0 5.26619e-17
3408.0 4.64915e-17
3410.0 4.26826e-17
3412.0 4.81056e-17
3414.0 5.16593e-17
3416.0 5.00215e-17
3418.0 4.87261e-17
3420.0 4.38489e-17
3422.0 4.40829e-17
3424.0 4.71182e-17
3426.0 4.66584e-17
3428.0 4.04911e-17
3430.0 4.64786e-17
3432.0 4.37917e-17
3434.0 5.21924e-17
3436.0 4.76618e-17
3438.0 5.03562e-17
3440.0 5.32769e-17
3442.0 5.5036e-17
3444.0 5.2862e-17
3446.0 4.43275e-17
3448.0 4.78339e-17
3450.0 4.25369e-17
3452.0 4.63272e-17
3454.0 4.44937e-17
3456.0 4.74192e-17
3458.0 3.61907e-17
3460.0 4.30005e-17
3462.0 4.72535e-17
3464.0 5.56765e-17
3466.0 5.10399e-17
3468.0 4.89542e-17
3470.0 4.8678e-17
3472.0 5.44324e-17
3474.0 5.33473e-17
3476.0 4.98235e-17
3478.0 4.41752e-17
3480.0 4.23851e-17
3482.0 4.63732e-17
3484.0 5.19083e-17
3486.0 4.50822e-17
3488.0 4.94569e-17
3490.0 4.45687e-17
3492.0 4.62512e-17
3494.0 5.19384e-17
3496.0 5.3191e-17
3498.0 4.96951e-17
3500.0 5.59281e-17
3502.0 5.172e-17
3504.0 4.67356e-17
3506.0 4.05563e-17
3508.0 4.5075e-17
3510.0 4.66477e-17
3512.0 5.38942e-17
3514.0 5.38791e-17
3516.0 4.83714e-17
3518.0 4.39923e-17
3520.0 4.34685e-17
3522.0 4.37831e-17
3524.0 4.20351e-17
3526.0 4.21633e-17
3528.0 4.82933e-17
3530.0 4.65094e-17
3532.0 4.83087e-17
3534.0 5.14394e-17
3536.0 4.91647e-17
3538.0 5.41284e-17
3540.0 5.37106e-17
3542.0 5.52765e-17
3544.0 4.92483e-17
3546.0 4.53745e-17
3548.0 4.44103e-17
3550.0 4.20641e-17
3552.0 4.51941e-17
3554.0 4.74249e-17
3556.0 4.95977e-17
3558.0 4.99826e-17
3560.0 4.53738e-17
3562.0 4.18469e-17
3564.0 5.02031e-17
3566.0 4.81601e-17
3568.0 5.29702e-17
3570.0 5.57071e-17
3572.0 5.07038e-17
3574.0 5.55016e-17
3576.0 5.26678e-17
3578.0 5.3185e-17
3580.0 4.81818e-17
3582.0 4.50855e-17
3584.0 4.62754e-17
3586.0 5.07252e-17
3588.0 4.87664e-17
3590.0 5.07677e-17
3592.0 5.24088e-17
3594.0 5.29279e-17
3596.0 4.87111e-17
3598.0 4.71201e-17
3600.0 4.24231e-17
3602.0 4.39352e-17
3604.0 4.00419e-17
3606.0 4.09781e-17
3608.0 4.40622e-17
3610.0 4.28424e-17
3612.0 4.69655e-17
3614.0 5.06202e-17
3616.0 5.49205e-17
3618.0 5.87227e-17
3620.0 5.50004e-17
3622.0 5.42872e-17
3624.0 4.68906e-17
3626.0 4.97412e-17
3628.0 5.17848e-17
3630.0 5.49294e-17
3632.0 5.41619e-17
3634.0 5.82757e-17
3636.0 6.2091e-17
3638.0 5.81319e-17
3640.0 5.49895e-17
3642.0 5.92822e-17
3644.0 6.02977e-17
3646.0 5.93496e-17
3648.0 5.47192e-17
3650.0 5.50844e-17
3652.0 5.777e-17
3654.0 5.87516e-17
3656.0 5.34722e-17
3658.0 5.49069e-17
3660.0 5.83541e-17
3662.0 5.61655e-17
3664.0 5.56076e-17
3666.0 5.25215e-17
3668.0 5.54001e-17
3670.0 5.49551e-17
3672.0 5.58295e-17
3674.0 6.41201e-17
3676.0 5.9402e-17
3678.0 6.33923e-17
3680.0 6.56879e-17
3682.0 5.89478e-17
3684.0 5.97667e-17
3686.0 5.4563e-17
3688.0 5.59542e-17
3690.0 5.93635e-17
3692.0 5.87784e-17
3694.0 5.59795e-17
3696.0 5.74421e-17
3698.0 5.37885e-17
3700.0 5.84665e-17
3702.0 5.99392e-17
3704.0 5.43556e-17
3706.0 5.51349e-17
3708.0 5.48222e-17
3710.0 5.48598e-17
3712.0 5.64701e-17
3714.0 5.4809e-17
3716.0 5.5459e-17
3718.0 5.78864e-17
3720.0 5.33574e-17
3722.0 5.40141e-17
3724.0 5.6697e-17
3726.0 5.62495e-17
3728.0 5.58754e-17
3730.0 5.59586e-17
3732.0 5.57314e-17
3734.0 5.73172e-17
3736.0 5.28413e-17
3738.0 5.54787e-17
3740.0 6.07334e-17
3742.0 6.05181e-17
3744.0 5.49942e-17
3746.0 5.25471e-17
3748.0 4.75263e-17
3750.0 5.2017e-17
3752.0 5.82459e-17
3754.0 5.32267e-17
3756.0 4.93512e-17
3758.0 4.48254e-17
3760.0 5.07082e-17
3762.0 5.16782e-17
3764.0 5.49979e-17
3766.0 5.79027e-17
3768.0 5.18591e-17
3770.0 4.7921e-17
3772.0 4.80604e-17
3774.0 5.61624e-17
3776.0 5.80131e-17
3778.0 6.03766e-17
3780.0 5.99076e-17
3782.0 5.59346e-17
3784.0 5.33263e-17
3786.0 5.24139e-17
3788.0 5.94399e-17
3790.0 6.16631e-17
3792.0 6.568e-17
3794.0 6.10683e-17
3796.0 5.77913e-17
3798.0 5.58808e-17
3800.0 6.20794e-17
3802.0 5.72996e-17
3804.0 5.59296e-17
3806.0 5.23367e-17
3808.0 5.7294e-17
3810.0 5.78299e-17
3812.0 5.79008e-17
3814.0 6.55079e-17
3816.0 6.02711e-17
3818.0 5.73411e-17
3820.0 5.97209e-17
3822.0 6.14377e-17
3824.0 6.58478e-17
3826.0 6.7543e-17
3828.0 6.85646e-17
3830.0 6.1149e-17
3832.0 5.73197e-17
3834.0 5.69768e-17
3836.0 5.41918e-17
3838.0 5.22792e-17
3840.0 4.82321e-17
3842.0 5.21986e-17
3844.0 5.41374e-17
3846.0 5.76808e-17
3848.0 6.0649e-17
3850.0 5.87871e-17
3852.0 5.51716e-17
3854.0 5.73013e-17
3856.0 5.67535e-17
3858.0 5.44909e-17
3860.0 5.45312e-17
3862.0 5.51672e-17
3864.0 5.92256e-17
3866.0 5.83463e-17
3868.0 5.89705e-17
3870.0 5.81499e-17
3872.0 5.74052e-17
3874.0 5.4731e-17
3876.0 5.10601e-17
3878.0 5.48494e-17
3880.0 6.05391e-17
3882.0 6.05691e-17
3884.0 5.69881e-17
3886.0 5.78672e-17
3888.0 6.09565e-17
3890.0 5.86029e-17
3892.0 5.76708e-17
3894.0 5.59562e-17
3896.0 4.86499e-17
3898.0 5.32159e-17
3900.0 5.41159e-17
3902.0 5.81437e-17
3904.0 6.02325e-17
3906.0 6.35754e-17
3908.0 6.3038e-17
3910.0 6.1982e-17
3912.0 5.91287e-17
3914.0 6.16979e-17
3916.0 5.77398e-17
3918.0 5.41546e-17
3920.0 5.74437e-17
3922.0 5.74398e-17
3924.0 5.89796e-17
3926.0 5.69215e-17
3928.0 5.46931e-17
3930.0 5.42979e-17
3932.0 5.27259e-17
3934.0 5.308e-17
3936.0 5.58512e-17
3938.0 5.66102e-17
3940.0 5.45163e-17
3942.0 5.56776e-17
3944.0 5.77805e-17
3946.0 6.11016e-17
3948.0 6.09698e-17
3950.0 6.38934e-17
3952.0 6.0167e-17
3954.0 6.3293e-17
3956.0 6.54463e-17
3958.0 5.93655e-17
3960.0 6.18953e-17
3962.0 6.08439e-17
3964.0 5.58978e-17
3966.0 5.60195e-17
3968.0 6.23118e-17
3970.0 6.13767e-17
3972.0 5.72985e-17
3974.0 5.93294e-17
3976.0 5.47122e-17
3978.0 5.07634e-17
3980.0 5.10326e-17
3982.0 5.14419e-17
3984.0 5.44078e-17
3986.0 5.47634e-17
3988.0 5.89834e-17
3990.0 5.63902e-17
3992.0 4.74688e-17
3994.0 5.01553e-17
3996.0 5.04337e-17
3998.0 4.62318e-17
4000.0 4.66257e-17
4002.0 5.18536e-17
4004.0 5.58108e-17
4006.0 5.53013e-17
4008.0 6.07229e-17
4010.0 6.10409e-17
4012.0 6.27413e-17
4014.0 6.24596e-17
4016.0 5.93475e-17
4018.0 5.66901e-17
4020.0 5.60551e-17
4022.0 5.77058e-17
4024.0 5.4136e-17
4026.0 5.39544e-17
4028.0 5.40805e-17
4030.0 5.54786e-17
4032.0 5.79107e-17
4034.0 5.67492e-17
4036.0 5.47528e-17
4038.0 5.2998e-17
4040.0 5.6395e-17
4042.0 5.84569e-17
4044.0 6.24395e-17
4046.0 6.29584e-17
4048.0 5.77381e-17
4050.0 5.09892e-17
4052.0 5.03382e-17
4054.0 5.61736e-17
4056.0 5.87949e-17
4058.0 5.56136e-17
4060.0 6.13821e-17
4062.0 6.17477e-17
4064.0 6.08379e-17
4066.0 5.77096e-17
4068.0 5.35915e-17
4070.0 5.46579e-17
4072.0 5.85794e-17
4074.0 6.41393e-17
4076.0 6.60736e-17
4078.0 6.51979e-17
4080.0 6.91652e-17
4082.0 6.67513e-17
4084.0 6.67105e-17
4086.0 6.37678e-17
4088.0 6.47585e-17
4090.0 6.46418e-17
4092.0 6.55113e-17
4094.0 6.3658e-17
4096.0 6.69838e-17
4098.0 6.95535e-17
4100.0 6.39161e-17
4102.0 6.21384e-17
4104.0 6.22032e-17
4106.0 6.00196e-17
4108.0 6.20416e-17
4110.0 5.78213e-17
4112.0 5.73194e-17
4114.0 6.41375e-17
4116.0 6.18488e-17
4118.0 6.83583e-17
4120.0 6.73557e-17
4122.0 6.53516e-17
4124.0 6.89626e-17
4126.0 6.76923e-17
4128.0 6.9352e-17
4130.0 6.52371e-17
4132.0 5.73626e-17
4134.0 5.75979e-17
4136.0 5.92296e-17
4138.0 5.8615e-17
4140.0 6.37643e-17
4142.0 6.776e-17
4144.0 7.24843e-17
4146.0 7.29717e-17
4148.0 6.28242e-17
4150.0 5.3938e-17
4152.0 5.8675e-17
4154.0 6.61324e-17
4156.0 7.04152e-17
4158.0 7.1835e-17
4160.0 7.1692e-17
4162.0 6.38999e-17
4164.0 5.05394e-17
4166.0 4.39595e-17
4168.0 5.78668e-17
4170.0 6.75887e-17
4172.0 7.35899e-17
4174.0 7.28002e-17
4176.0 6.74909e-17
4178.0 6.05039e-17
4180.0 5.26001e-17
4182.0 5.09944e-17
4184.0 5.59409e-17
4186.0 6.71967e-17
4188.0 7.5457e-17
4190.0 7.43676e-17
4192.0 7.02695e-17
4194.0 7.22395e-17
4196.0 7.49125e-17
4198.0 7.75203e-17
4200.0 7.06455e-17
4202.0 6.5814e-17
4204.0 6.26304e-17
4206.0 6.28294e-17
4208.0 6.95439e-17
4210.0 7.67079e-17
4212.0 8.333e-17
4214.0 8.59468e-17
4216.0 9.25687e-17
4218.0 9.87413e-17
4220.0 9.52095e-17
4222.0 9.11343e-17
4224.0 8.23667e-17
4226.0 7.8615e-17
4228.0 7.95286e-17
4230.0 7.36268e-17
4232.0 6.34586e-17
4234.0 5.8633e-17
4236.0 5.30615e-17
4238.0 5.68305e-17
4240.0 7.46871e-17
4242.0 7.93145e-17
4244.0 8.77915e-17
4246.0 8.70948e-17
4248.0 8.8131e-17
4250.0 9.60894e-17
4252.0 9.08114e-17
4254.0 8.85116e-17
4256.0 8.59136e-17
4258.0 8.67378e-17
4260.0 8.56265e-17
4262.0 8.18384e-17
4264.0 7.88112e-17
4266.0 7.62878e-17
4268.0 7.11771e-17
4270.0 6.72532e-17
4272.0 6.56463e-17
4274.0 5.73498e-17
4276.0 5.33667e-17
4278.0 4.88547e-17
4280.0 5.74778e-17
4282.0 6.11867e-17
4284.0 6.72519e-17
4286.0 7.88415e-17
4288.0 8.18196e-17
4290.0 9.00179e-17
4292.0 8.82741e-17
4294.0 9.45172e-17
4296.0 9.52582e-17
4298.0 9.06397e-17
4300.0 9.57247e-17
4302.0 9.15335e-17
4304.0 9.17954e-17
4306.0 9.48188e-17
4308.0 9.82852e-17
4310.0 9.83753e-17
4312.0 9.91381e-17
4314.0 9.96989e-17
4316.0 9.58188e-17
4318.0 9.00664e-17
4320.0 9.18194e-17
4322.0 9.06788e-17
4324.0 8.85828e-17
4326.0 8.46155e-17
4328.0 8.49919e-17
4330.0 8.33088e-17
4332.0 6.97975e-17
4334.0 6.68994e-17
4336.0 5.88926e-17
4338.0 5.75007e-17
4340.0 6.51053e-17
4342.0 7.20124e-17
4344.0 8.08572e-17
4346.0 8.15302e-17
4348.0 8.77265e-17
4350.0 8.96239e-17
4352.0 9.48053e-17
4354.0 9.02041e-17
4356.0 8.89392e-17
4358.0 9.9345e-17
4360.0 9.85573e-17
4362.0 1.0345e-16
4364.0 1.04137e-16
4366.0 1.03046e-16
4368.0 9.92844e-17
4370.0 1.0052e-16
4372.0 9.44348e-17
4374.0 1.00406e-16
4376.0 9.79594e-17
4378.0 9.60329e-17
4380.0 8.64472e-17
4382.0 6.99019e-17
4384.0 5.82486e-17
4386.0 4.56624e-17
4388.0 4.24573e-17
4390.0 5.47064e-17
4392.0 7.16111e-17
4394.0 8.29527e-17
4396.0 8.94647e-17
4398.0 8.45844e-17
4400.0 9.08597e-17
4402.0 9.33736e-17
4404.0 9.57908e-17
4406.0 9.66651e-17
4408.0 9.35486e-17
4410.0 9.65351e-17
4412.0 9.53762e-17
4414.0 9.35533e-17
4416.0 8.92239e-17
4418.0 8.17463e-17
4420.0 6.90702e-17
4422.0 5.90232e-17
4424.0 4.61207e-17
4426.0 3.90294e-17
4428.0 3.81963e-17
4430.0 5.00119e-17
4432.0 6.3069e-17
4434.0 7.49457e-17
4436.0 8.54975e-17
4438.0 9.396e-17
4440.0 9.10615e-17
4442.0 1.00286e-16
4444.0 1.00417e-16
4446.0 1.04627e-16
4448.0 1.05647e-16
4450.0 1.12548e-16
4452.0 1.12202e-16
4454.0 1.11236e-16
4456.0 1.06082e-16
4458.0 1.0826e-16
4460.0 1.14048e-16
4462.0 1.15542e-16
4464.0 1.1571e-16
4466.0 1.13954e-16
4468.0 1.07923e-16
4470.0 1.15886e-16
4472.0 1.21504e-16
4474.0 1.17528e-16
4476.0 1.21437e-16
4478.0 1.17289e-16
4480.0 1.21263e-16
4482.0 1.2277e-16
4484.0 1.23311e-16
4486.0 1.19299e-16
4488.0 1.19185e-16
4490.0 1.18458e-16
4492.0 1.2074e-16
4494.0 1.20532e-16
4496.0 1.08886e-16
4498.0 1.11103e-16
4500.0 1.14982e-16
4502.0 1.20708e-16
4504.0 1.23279e-16
4506.0 1.26036e-16
4508.0 1.19242e-16
4510.0 1.15385e-16
4512.0 1.10537e-16
4514.0 1.13455e-16
4516.0 1.21483e-16
4518.0 1.23037e-16
4520.0 1.19767e-16
4522.0 1.18936e-16
4524.0 1.14779e-16
4526.0 1.16929e-16
4528.0 1.12567e-16
4530.0 1.16547e-16
4532.0 1.09388e-16
4534.0 1.08757e-16
4536.0 1.14154e-16
4538.0 1.12748e-16
4540.0 1.11161e-16
4542.0 1.12636e-16
4544.0 1.07653e-16
4546.0 1.05356e-16
4548.0 1.03358e-16
4550.0 1.10388e-16
4552.0 1.13349e-16
4554.0 1.13486e-16
4556.0 1.13139e-16
4558.0 1.1134e-16
4560.0 1.14281e-16
4562.0 1.15247e-16
4564.0 1.06668e-16
4566.0 1.03976e-16
4568.0 9.61113e-17
4570.0 8.84205e-17
4572.0 7.71962e-17
4574.0 7.09315e-17
4576.0 7.07409e-17
4578.0 8.0987e-17
4580.0 8.94545e-17
4582.0 9.55822e-17
4584.0 9.83154e-17
4586.0 1.0387e-16
4588.0 1.0785e-16
4590.0 1.10009e-16
4592.0 1.11557e-16
4594.0 1.09289e-16
4596.0 1.08507e-16
4598.0 1.11976e-16
4600.0 1.15891e-16
4602.0 1.14049e-16
4604.0 1.11429e-16
4606.0 1.11339e-16
4608.0 1.1022e-16
4610.0 1.08908e-16
4612.0 1.14983e-16
4614.0 1.20903e-16
4616.0 1.15106e-16
4618.0 1.18118e-16
4620.0 1.08982e-16
4622.0 1.14167e-16
4624.0 1.15487e-16
4626.0 1.17708e-16
4628.0 1.1521e-16
4630.0 1.13263e-16
4632.0 1.14875e-16
4634.0 1.09786e-16
4636.0 1.12617e-16
4638.0 1.17188e-16
4640.0 1.19836e-16
4642.0 1.1902e-16
4644.0 1.22293e-16
4646.0 1.21494e-16
4648.0 1.19845e-16
4650.0 1.19819e-16
4652.0 1.14321e-16
4654.0 1.05879e-16
4656.0 1.07398e-16
4658.0 1.0654e-16
4660.0 1.08795e-16
4662.0 1.1249e-16
4664.0 1.18583e-16
4666.0 1.17878e-16
4668.0 1.14688e-16
4670.0 1.14005e-16
4672.0 1.14587e-16
4674.0 1.20805e-16
4676.0 1.20567e-16
4678.0 1.20156e-16
4680.0 1.19255e-16
4682.0 1.11837e-16
4684.0 1.11201e-16
4686.0 1.12262e-16
4688.0 1.19985e-16
4690.0 1.19181e-16
4692.0 1.17301e-16
4694.0 1.18849e-16
4696.0 1.22903e-16
4698.0 1.21864e-16
4700.0 1.20462e-16
4702.0 1.16134e-16
4704.0 1.21119e-16
4706.0 1.22442e-16
4708.0 1.22459e-16
4710.0 1.17576e-16
4712.0 1.05407e-16
4714.0 1.06542e-16
4716.0 1.07834e-16
4718.0 1.19178e-16
4720.0 1.19664e-16
4722.0 1.15968e-16
4724.0 1.13333e-16
4726.0 1.18147e-16
4728.0 1.18819e-16
4730.0 1.21691e-16
4732.0 1.21774e-16
4734.0 1.19476e-16
4736.0 1.23932e-16
4738.0 1.14156e-16
4740.0 1.14632e-16
4742.0 1.15429e-16
4744.0 1.15624e-16
4746.0 1.20964e-16
4748.0 1.19131e-16
4750.0 1.15283e-16
4752.0 1.14617e-16
4754.0 1.20585e-16
4756.0 1.27039e-16
4758.0 1.224e-16
4760.0 1.2381e-16
4762.0 1.13948e-16
4764.0 1.05765e-16
4766.0 1.06459e-16
4768.0 1.1469e-16
4770.0 1.20164e-16
4772.0 1.23888e-16
4774.0 1.20577e-16
4776.0 1.19262e-16
4778.0 1.15878e-16
4780.0 1.18145e-16
4782.0 1.11185e-16
4784.0 1.0697e-16
4786.0 1.08506e-16
4788.0 1.09243e-16
4790.0 1.11357e-16
4792.0 1.07639e-16
4794.0 9.99425e-17
4796.0 9.39778e-17
4798.0 9.71147e-17
4800.0 9.86731e-17
4802.0 9.82731e-17
4804.0 1.01308e-16
4806.0 9.91121e-17
4808.0 1.03106e-16
4810.0 1.05847e-16
4812.0 1.05911e-16
4814.0 1.19905e-16
4816.0 1.2272e-16
4818.0 1.22724e-16
4820.0 1.13405e-16
4822.0 1.05477e-16
4824.0 1.01875e-16
4826.0 1.03785e-16
4828.0 1.08291e-16
4830.0 1.08685e-16
4832.0 1.09233e-16
4834.0 9.8922e-17
4836.0 9.58623e-17
4838.0 7.93065e-17
4840.0 7.70707e-17
4842.0 7.7737e-17
4844.0 8.89014e-17
4846.0 9.59063e-17
4848.0 1.05662e-16
4850.0 1.04531e-16
4852.0 1.06094e-16
4854.0 1.08627e-16
4856.0 1.11605e-16
4858.0 1.13091e-16
4860.0 1.1537e-16
4862.0 1.15766e-16
4864.0 1.2328e-16
4866.0 1.24614e-16
4868.0 1.28864e-16
4870.0 1.24326e-16
4872.0 1.17871e-16
4874.0 1.23135e-16
4876.0 1.19896e-16
4878.0 1.19852e-16
4880.0 1.16737e-16
4882.0 1.21743e-16
4884.0 1.20864e-16
4886.0 1.15053e-16
4888.0 1.07948e-16
4890.0 1.055e-16
4892.0 1.0842e-16
4894.0 1.17059e-16
4896.0 1.1768e-16
4898.0 1.17314e-16
4900.0 1.20602e-16
4902.0 1.21863e-16
4904.0 1.20487e-16
4906.0 1.18858e-16
4908.0 1.152e-16
4910.0 1.17711e-16
4912.0 1.18419e-16
4914.0 1.13149e-16
4916.0 1.19879e-16
4918.0 1.22319e-16
4920.0 1.24833e-16
4922.0 1.21439e-16
4924.0 1.19008e-16
4926.0 1.17056e-16
4928.0 1.19127e-16
4930.0 1.25439e-16
4932.0 1.25504e-16
4934.0 1.20928e-16
4936.0 1.27069e-16
4938.0 1.25689e-16
4940.0 1.24376e-16
4942.0 1.23939e-16
4944.0 1.20931e-16
4946.0 1.18757e-16
4948.0 1.1808e-16
4950.0 1.24607e-16
4952.0 1.22925e-16
4954.0 1.18628e-16
4956.0 1.21653e-16
4958.0 1.24819e-16
4960.0 1.28423e-16
4962.0 1.27511e-16
4964.0 1.24076e-16
4966.0 1.19799e-16
4968.0 1.148e-16
4970.0 1.18225e-16
4972.0 1.14956e-16
4974.0 1.20888e-16
4976.0 1.20856e-16
4978.0 1.20002e-16
4980.0 1.2286e-16
4982.0 1.19665e-16
4984.0 1.18366e-16
4986.0 1.25244e-16
4988.0 1.28611e-16
4990.0 1.33314e-16
4992.0 1.31479e-16
4994.0 1.28548e-16
4996.0 1.23382e-16
4998.0 1.20531e-16
5000.0 1.19942e-16
5002.0 1.2667e-16
5004.0 1.28265e-16
5006.0 1.25716e-16
5008.0 1.22204e-16
5010.0 1.23856e-16
5012.0 1.25827e-16
5014.0 1.24633e-16
5016.0 1.25564e-16
5018.0 1.29598e-16
5020.0 1.30561e-16
5022.0 1.36984e-16
5024.0 1.37346e-16
5026.0 1.35867e-16
5028.0 1.33809e-16
5030.0 1.31581e-16
5032.0 1.34327e-16
5034.0 1.30251e-16
5036.0 1.24681e-16
5038.0 1.28372e-16
5040.0 1.29548e-16
5042.0 1.27772e-16
5044.0 1.27274e-16
5046.0 1.26554e-16
5048.0 1.21142e-16
5050.0 1.17054e-16
5052.0 1.17484e-16
5054.0 1.16117e-16
5056.0 1.20823e-16
5058.0 1.24252e-16
5060.0 1.26231e-16
5062.0 1.27843e-16
5064.0 1.29115e-16
5066.0 1.26523e-16
5068.0 1.29977e-16
5070.0 1.2902e-16
5072.0 1.24975e-16
5074.0 1.20403e-16
5076.0 1.1864e-16
5078.0 1.24185e-16
5080.0 1.27202e-16
5082.0 1.26923e-16
5084.0 1.32044e-16
5086.0 1.31184e-16
5088.0 1.27854e-16
5090.0 1.30495e-16
5092.0 1.26781e-16
5094.0 1.28272e-16
5096.0 1.29565e-16
5098.0 1.29393e-16
5100.0 1.27029e-16
5102.0 1.31961e-16
5104.0 1.31653e-16
5106.0 1.28413e-16
5108.0 1.28075e-16
5110.0 1.23185e-16
5112.0 1.22069e-16
5114.0 1.23303e-16
5116.0 1.26134e-16
5118.0 1.2844e-16
5120.0 1.27709e-16
5122.0 1.23268e-16
5124.0 1.21458e-16
5126.0 1.28736e-16
5128.0 1.27287e-16
5130.0 1.27631e-16
5132.0 1.26541e-16
5134.0 1.24638e-16
5136.0 1.31492e-16
5138.0 1.35194e-16
5140.0 1.33698e-16
5142.0 1.33995e-16
5144.0 1.33683e-16
5146.0 1.31704e-16
5148.0 1.32967e-16
5150.0 1.34994e-16
5152.0 1.33511e-16
5154.0 1.36929e-16
5156.0 1.33387e-16
5158.0 1.33124e-16
5160.0 1.3096e-16
5162.0 1.35443e-16
5164.0 1.31344e-16
5166.0 1.2793e-16
5168.0 1.2509e-16
5170.0 1.23926e-16
5172.0 1.28987e-16
5174.0 1.30962e-16
5176.0 1.27731e-16
5178.0 1.26359e-16
5180.0 1.25938e-16
5182.0 1.23782e-16
5184.0 1.23942e-16
5186.0 1.26941e-16
5188.0 1.26321e-16
5190.0 1.26917e-16
5192.0 1.25361e-16
5194.0 1.30508e-16
5196.0 1.31017e-16
5198.0 1.34031e-16
5200.0 1.27258e-16
5202.0 1.24871e-16
5204.0 1.22521e-16
5206.0 1.20042e-16
5208.0 1.23958e-16
5210.0 1.23038e-16
5212.0 1.27572e-16
5214.0 1.30602e-16
5216.0 1.2882e-16
5218.0 1.26186e-16
5220.0 1.2932e-16
5222.0 1.29976e-16
5224.0 1.28598e-16
5226.0 1.29376e-16
5228.0 1.30246e-16
5230.0 1.29673e-16
5232.0 1.2405e-16
5234.0 1.27925e-16
5236.0 1.30372e-16
5238.0 1.31724e-16
5240.0 1.2739e-16
5242.0 1.23659e-16
5244.0 1.26384e-16
5246.0 1.19445e-16
5248.0 1.2048e-16
5250.0 1.26028e-16
5252.0 1.23137e-16
5254.0 1.30541e-16
5256.0 1.26851e-16
5258.0 1.25353e-16
5260.0 1.28711e-16
5262.0 1.28951e-16
5264.0 1.32589e-16
5266.0 1.29739e-16
5268.0 1.32012e-16
5270.0 1.2946e-16
5272.0 1.27818e-16
5274.0 1.1992e-16
5276.0 1.22681e-16
5278.0 1.24193e-16
5280.0 1.21025e-16
5282.0 1.2594e-16
5284.0 1.2734e-16
5286.0 1.28772e-16
5288.0 1.29014e-16
5290.0 1.28916e-16
5292.0 1.30111e-16
5294.0 1.25644e-16
5296.0 1.26889e-16
5298.0 1.26291e-16
5300.0 1.25167e-16
5302.0 1.22366e-16
5304.0 1.26195e-16
5306.0 1.26142e-16
5308.0 1.24796e-16
5310.0 1.22899e-16
5312.0 1.21535e-16
5314.0 1.17882e-16
5316.0 1.26148e-16
5318.0 1.2436e-16
5320.0 1.27673e-16
5322.0 1.31095e-16
5324.0 1.28171e-16
5326.0 1.32576e-16
5328.0 1.30157e-16
5330.0 1.28877e-16
5332.0 1.25165e-16
5334.0 1.21406e-16
5336.0 1.20291e-16
5338.0 1.26849e-16
5340.0 1.27015e-16
5342.0 1.25212e-16
5344.0 1.30592e-16
5346.0 1.34421e-16
5348.0 1.32047e-16
5350.0 1.29378e-16
5352.0 1.28774e-16
5354.0 1.27604e-16
5356.0 1.28415e-16
5358.0 1.26658e-16
5360.0 1.24887e-16
5362.0 1.23072e-16
5364.0 1.29063e-16
5366.0 1.29029e-16
5368.0 1.2885e-16
5370.0 1.27812e-16
5372.0 1.27416e-16
5374.0 1.32215e-16
5376.0 1.29862e-16
5378.0 1.2549e-16
5380.0 1.24619e-16
5382.0 1.22304e-16
5384.0 1.24321e-16
5386.0 1.26155e-16
5388.0 1.25527e-16
5390.0 1.20314e-16
5392.0 1.23033e-16
5394.0 1.18909e-16
5396.0 1.21994e-16
5398.0 1.22103e-16
5400.0 1.18332e-16
5402.0 1.19885e-16
5404.0 1.21068e-16
5406.0 1.16429e-16
5408.0 1.13619e-16
5410.0 1.11917e-16
5412.0 1.08399e-16
5414.0 1.02734e-16
5416.0 1.0071e-16
5418.0 8.92287e-17
5420.0 8.28531e-17
5422.0 8.20369e-17
5424.0 8.76551e-17
5426.0 9.9917e-17
5428.0 1.04155e-16
5430.0 1.10515e-16
5432.0 1.02476e-16
5434.0 1.04627e-16
5436.0 1.12413e-16
5438.0 1.13725e-16
5440.0 1.16341e-16
5442.0 1.19765e-16
5444.0 1.14827e-16
5446.0 1.17665e-16
5448.0 1.16166e-16
5450.0 1.18349e-16
5452.0 1.11935e-16
5454.0 1.17177e-16
5456.0 1.22012e-16
5458.0 1.28114e-16
5460.0 1.31171e-16
5462.0 1.26218e-16
5464.0 1.25363e-16
5466.0 1.24246e-16
5468.0 1.24813e-16
5470.0 1.25219e-16
5472.0 1.28219e-16
5474.0 1.22465e-16
5476.0 1.21881e-16
5478.0 1.25308e-16
5480.0 1.24732e-16
5482.0 1.20602e-16
5484.0 1.1518e-16
5486.0 1.11399e-16
5488.0 1.11668e-16
5490.0 1.14402e-16
5492.0 1.20057e-16
5494.0 1.22411e-16
5496.0 1.23817e-16
5498.0 1.23223e-16
5500.0 1.27979e-16
5502.0 1.16657e-16
5504.0 1.18208e-16
5506.0 1.17016e-16
5508.0 1.21672e-16
5510.0 1.219e-16
5512.0 1.27259e-16
5514.0 1.29702e-16
5516.0 1.25777e-16
5518.0 1.25146e-16
5520.0 1.27129e-16
5522.0 1.23105e-16
5524.0 1.28719e-16
5526.0 1.22769e-16
5528.0 1.20431e-16
5530.0 1.27652e-16
5532.0 1.2739e-16
5534.0 1.26032e-16
5536.0 1.24659e-16
5538.0 1.19047e-16
5540.0 1.1965e-16
5542.0 1.18752e-16
5544.0 1.25124e-16
5546.0 1.26444e-16
5548.0 1.2372e-16
5550.0 1.2601e-16
5552.0 1.19598e-16
5554.0 1.16762e-16
5556.0 1.10129e-16
5558.0 1.07586e-16
5560.0 1.17446e-16
5562.0 1.21443e-16
5564.0 1.18998e-16
5566.0 1.18009e-16
5568.0 1.22452e-16
5570.0 1.25724e-16
5572.0 1.22557e-16
5574.0 1.19869e-16
5576.0 1.15718e-16
5578.0 1.16756e-16
5580.0 1.14963e-16
5582.0 1.2487e-16
5584.0 1.25525e-16
5586.0 1.23359e-16
5588.0 1.15724e-16
5590.0 1.08259e-16
5592.0 1.18168e-16
5594.0 1.16693e-16
5596.0 1.11576e-16
5598.0 1.18289e-16
5600.0 1.17119e-16
5602.0 1.13977e-16
5604.0 1.18399e-16
5606.0 1.21222e-16
5608.0 1.14414e-16
5610.0 1.20365e-16
5612.0 1.20398e-16
5614.0 1.20943e-16
5616.0 1.15876e-16
5618.0 1.10763e-16
5620.0 1.09078e-16
5622.0 1.13349e-16
5624.0 1.17427e-16
5626.0 1.18917e-16
5628.0 1.18568e-16
5630.0 1.20612e-16
5632.0 1.17751e-16
5634.0 1.16312e-16
5636.0 1.19875e-16
5638.0 1.2278e-16
5640.0 1.20005e-16
5642.0 1.27437e-16
5644.0 1.18625e-16
5646.0 1.16818e-16
5648.0 1.20969e-16
5650.0 1.14784e-16
5652.0 1.23618e-16
5654.0 1.1712e-16
5656.0 1.14042e-16
5658.0 1.1544e-16
5660.0 1.20213e-16
5662.0 1.14059e-16
5664.0 1.08332e-16
5666.0 1.09744e-16
5668.0 1.17322e-16
5670.0 1.23477e-16
5672.0 1.21947e-16
5674.0 1.22257e-16
5676.0 1.21182e-16
5678.0 1.25526e-16
5680.0 1.19693e-16
5682.0 1.13329e-16
5684.0 1.13625e-16
5686.0 1.14294e-16
5688.0 1.20286e-16
5690.0 1.20754e-16
5692.0 1.18213e-16
5694.0 1.12667e-16
5696.0 1.08583e-16
5698.0 1.13364e-16
5700.0 1.15369e-16
5702.0 1.18149e-16
5704.0 1.22099e-16
5706.0 1.15864e-16
5708.0 1.16546e-16
5710.0 1.22998e-16
5712.0 1.19335e-16
5714.0 1.09975e-16
5716.0 1.15326e-16
5718.0 1.15739e-16
5720.0 1.14071e-16
5722.0 1.1303e-16
5724.0 1.17442e-16
5726.0 1.13347e-16
5728.0 1.18564e-16
5730.0 1.1497e-16
5732.0 1.13073e-16
5734.0 1.14691e-16
5736.0 1.12401e-16
5738.0 1.16762e-16
5740.0 1.12679e-16
5742.0 1.16086e-16
5744.0 1.1341e-16
5746.0 1.18393e-16
5748.0 1.14608e-16
5750.0 1.17597e-16
5752.0 1.1721e-16
5754.0 1.18678e-16
5756.0 1.19663e-16
5758.0 1.12809e-16
5760.0 1.04278e-16
5762.0 1.0163e-16
5764.0 1.02045e-16
5766.0 9.63693e-17
5768.0 9.73008e-17
5770.0 1.02877e-16
5772.0 1.1247e-16
5774.0 1.16151e-16
5776.0 1.11519e-16
5778.0 1.01768e-16
5780.0 9.91725e-17
5782.0 1.04458e-16
5784.0 1.14182e-16
5786.0 1.11899e-16
5788.0 1.08816e-16
5790.0 1.07625e-16
5792.0 1.08867e-16
5794.0 1.11228e-16
5796.0 1.1386e-16
5798.0 1.14375e-16
5800.0 1.16658e-16
5802.0 1.07323e-16
5804.0 1.05054e-16
5806.0 1.05067e-16
5808.0 1.05361e-16
5810.0 1.10113e-16
5812.0 1.16711e-16
5814.0 1.17749e-16
5816.0 1.17675e-16
5818.0 1.17023e-16
5820.0 1.13569e-16
5822.0 1.18275e-16
5824.0 1.18166e-16
5826.0 1.05708e-16
5828.0 1.03409e-16
5830.0 1.10807e-16
5832.0 1.14656e-16
5834.0 1.14902e-16
5836.0 1.19871e-16
5838.0 1.17408e-16
5840.0 1.22733e-16
5842.0 1.16838e-16
5844.0 1.23028e-16
5846.0 1.2455e-16
5848.0 1.1911e-16
5850.0 1.22139e-16
5852.0 1.13978e-16
5854.0 1.13487e-16
5856.0 1.1392e-16
5858.0 1.1214e-16
5860.0 1.13614e-16
5862.0 1.21874e-16
5864.0 1.20705e-16
5866.0 1.11399e-16
5868.0 1.04531e-16
5870.0 1.01532e-16
5872.0 1.05591e-16
5874.0 1.02017e-16
5876.0 1.02895e-16
5878.0 1.0354e-16
5880.0 1.11207e-16
5882.0 1.13562e-16
5884.0 1.14771e-16
5886.0 1.20409e-16
5888.0 1.16221e-16
5890.0 1.08138e-16
5892.0 1.04662e-16
5894.0 1.04356e-16
5896.0 1.11978e-16
5898.0 1.12543e-16
5900.0 1.10926e-16
5902.0 1.11165e-16
5904.0 1.07754e-16
5906.0 1.11283e-16
5908.0 1.14238e-16
5910.0 1.17399e-16
5912.0 1.19763e-16
5914.0 1.19749e-16
5916.0 1.221e-16
5918.0 1.25515e-16
5920.0 1.28997e-16
5922.0 1.22513e-16
5924.0 1.18425e-16
5926.0 1.21501e-16
5928.0 1.22424e-16
5930.0 1.21092e-16
5932.0 1.22476e-16
5934.0 1.24513e-16
5936.0 1.18737e-16
5938.0 1.11395e-16
5940.0 1.07584e-16
5942.0 1.11699e-16
5944.0 1.15074e-16
5946.0 1.18606e-16
5948.0 1.22061e-16
5950.0 1.22981e-16
5952.0 1.20001e-16
5954.0 1.19622e-16
5956.0 1.19893e-16
5958.0 1.19876e-16
5960.0 1.16529e-16
5962.0 1.19585e-16
5964.0 1.18849e-16
5966.0 1.21217e-16
5968.0 1.22032e-16
5970.0 1.24843e-16
5972.0 1.29149e-16
5974.0 1.27133e-16
5976.0 1.28715e-16
5978.0 1.24532e-16
5980.0 1.22356e-16
5982.0 1.20839e-16
5984.0 1.18507e-16
5986.0 1.15283e-16
5988.0 1.14228e-16
5990.0 1.17211e-16
5992.0 1.26626e-16
5994.0 1.2834e-16
5996.0 1.28146e-16
5998.0 1.20186e-16
6000.0 1.21744e-16
6002.0 1.20433e-16
6004.0 1.1835e-16
6006.0 1.24679e-16
6008.0 1.21304e-16
6010.0 1.20249e-16
6012.0 1.189e-16
6014.0 1.17557e-16
6016.0 1.1481e-16
6018.0 1.12952e-16
6020.0 1.17024e-16
6022.0 1.20221e-16
6024.0 1.18696e-16
6026.0 1.14466e-16
6028.0 1.0834e-16
6030.0 1.0867e-16
6032.0 1.1014e-16
6034.0 1.16349e-16
6036.0 1.18803e-16
6038.0 1.21696e-16
6040.0 1.22902e-16
6042.0 1.20083e-16
6044.0 1.19344e-16
6046.0 1.2448e-16
6048.0 1.19574e-16
6050.0 1.20783e-16
6052.0 1.21376e-16
6054.0 1.20488e-16
6056.0 1.14008e-16
6058.0 1.19584e-16
6060.0 1.1596e-16
6062.0 1.1647e-16
6064.0 1.26355e-16
6066.0 1.25716e-16
6068.0 1.2207e-16
6070.0 1.2124e-16
6072.0 1.18998e-16
6074.0 1.16208e-16
6076.0 1.22857e-16
6078.0 1.18293e-16
6080.0 1.1833e-16
6082.0 1.1263e-16
6084.0 1.13042e-16
6086.0 1.21499e-16
6088.0 1.21844e-16
6090.0 1.15548e-16
6092.0 1.17095e-16
6094.0 1.16366e-16
6096.0 1.20677e-16
6098.0 1.22664e-16
6100.0 1.19074e-16
6102.0 1.19263e-16
6104.0 1.17504e-16
6106.0 1.10098e-16
6108.0 1.15464e-16
6110.0 1.10313e-16
6112.0 1.17451e-16
6114.0 1.17413e-16
6116.0 1.21384e-16
6118.0 1.19838e-16
6120.0 1.21716e-16
6122.0 1.21567e-16
6124.0 1.18289e-16
6126.0 1.20889e-16
6128.0 1.18425e-16
6130.0 1.16755e-16
6132.0 1.16684e-16
6134.0 1.18539e-16
6136.0 1.20636e-16
6138.0 1.12047e-16
6140.0 1.1657e-16
6142.0 1.18948e-16
6144.0 1.16393e-16
6146.0 1.20154e-16
6148.0 1.13255e-16
6150.0 1.15112e-16
6152.0 1.21017e-16
6154.0 1.21985e-16
6156.0 1.22686e-16
6158.0 1.20468e-16
6160.0 1.19584e-16
6162.0 1.14599e-16
6164.0 1.12503e-16
6166.0 1.17183e-16
6168.0 1.15307e-16
6170.0 1.17777e-16
6172.0 1.1874e-16
6174.0 1.21478e-16
6176.0 1.24766e-16
6178.0 1.16735e-16
6180.0 1.16763e-16
6182.0 1.19338e-16
6184.0 1.21277e-16
6186.0 1.20652e-16
6188.0 1.26376e-16
6190.0 1.21167e-16
6192.0 1.11358e-16
6194.0 1.11727e-16
6196.0 1.16686e-16
6198.0 1.22719e-16
6200.0 1.21779e-16
6202.0 1.20529e-16
6204.0 1.15085e-16
6206.0 1.15591e-16
6208.0 1.10953e-16
6210.0 1.13292e-16
6212.0 1.14137e-16
6214.0 1.1359e-16
6216.0 1.18053e-16
6218.0 1.17991e-16
6220.0 1.17249e-16
6222.0 1.19054e-16
6224.0 1.13884e-16
6226.0 1.1526e-16
6228.0 1.13612e-16
6230.0 1.1183e-16
6232.0 1.11272e-16
6234.0 1.11203e-16
6236.0 1.1109e-16
6238.0 1.16977e-16
6240.0 1.13186e-16
6242.0 1.15047e-16
6244.0 1.09998e-16
6246.0 1.16471e-16
6248.0 1.14047e-16
6250.0 1.1974e-16
6252.0 1.16849e-16
6254.0 1.22879e-16
6256.0 1.22448e-16
6258.0 1.17116e-16
6260.0 1.12368e-16
6262.0 1.14759e-16
6264.0 1.14792e-16
6266.0 1.14943e-16
6268.0 1.1434e-16
6270.0 1.14348e-16
6272.0 1.1715e-16
6274.0 1.17995e-16
6276.0 1.21928e-16
6278.0 1.20482e-16
6280.0 1.19435e-16
6282.0 1.1719e-16
6284.0 1.18526e-16
6286.0 1.14877e-16
6288.0 1.12186e-16
6290.0 1.1203e-16
6292.0 1.13922e-16
6294.0 1.14202e-16
6296.0 1.19021e-16
6298.0 1.14563e-16
6300.0 1.18605e-16
6302.0 1.18829e-16
6304.0 1.16853e-16
6306.0 1.14154e-16
6308.0 1.14561e-16
6310.0 1.09643e-16
6312.0 1.14246e-16
6314.0 1.16017e-16
6316.0 1.1559e-16
6318.0 1.15737e-16
6320.0 1.10437e-16
6322.0 1.14051e-16
6324.0 1.16622e-16
6326.0 1.18689e-16
6328.0 1.16984e-16
6330.0 1.1421e-16
6332.0 1.17391e-16
6334.0 1.17687e-16
6336.0 1.15991e-16
6338.0 1.12957e-16
6340.0 1.12464e-16
6342.0 1.15963e-16
6344.0 1.15509e-16
6346.0 1.14624e-16
6348.0 1.1625e-16
6350.0 1.21694e-16
6352.0 1.18828e-16
6354.0 1.13497e-16
6356.0 1.125e-16
6358.0 1.13704e-16
6360.0 1.15824e-16
6362.0 1.13192e-16
6364.0 1.11741e-16
6366.0 1.08556e-16
6368.0 1.11002e-16
6370.0 1.16733e-16
6372.0 1.19151e-16
6374.0 1.17364e-16
6376.0 1.18399e-16
6378.0 1.22032e-16
6380.0 1.17896e-16
6382.0 1.21814e-16
6384.0 1.22048e-16
6386.0 1.15517e-16
6388.0 1.14434e-16
6390.0 1.18589e-16
6392.0 1.21087e-16
6394.0 1.22322e-16
6396.0 1.17533e-16
6398.0 1.15926e-16
6400.0 1.18217e-16
6402.0 1.15734e-16
6404.0 1.18012e-16
6406.0 1.17561e-16
6408.0 1.15645e-16
6410.0 1.18735e-16
6412.0 1.17292e-16
6414.0 1.11302e-16
6416.0 1.16244e-16
6418.0 1.19611e-16
6420.0 1.1969e-16
6422.0 1.1827e-16
6424.0 1.13443e-16
6426.0 1.13284e-16
6428.0 1.17059e-16
6430.0 1.19206e-16
6432.0 1.18839e-16
6434.0 1.18448e-16
6436.0 1.17508e-16
6438.0 1.15758e-16
6440.0 1.17589e-16
6442.0 1.16712e-16
6444.0 1.12576e-16
6446.0 1.10355e-16
6448.0 1.11561e-16
6450.0 1.11789e-16
6452.0 1.17389e-16
6454.0 1.1693e-16
6456.0 1.14649e-16
6458.0 1.15093e-16
6460.0 1.18112e-16
6462.0 1.18835e-16
6464.0 1.1684e-16
6466.0 1.14137e-16
6468.0 1.1889e-16
6470.0 1.20462e-16
6472.0 1.17751e-16
6474.0 1.17957e-16
6476.0 1.18513e-16
6478.0 1.17752e-16
6480.0 1.20001e-16
6482.0 1.18116e-16
6484.0 1.19276e-16
6486.0 1.16895e-16
6488.0 1.14994e-16
6490.0 1.17835e-16
6492.0 1.18366e-16
6494.0 1.17429e-16
6496.0 1.19926e-16
6498.0 1.21812e-16
6500.0 1.20398e-16
6502.0 1.16956e-16
6504.0 1.17356e-16
6506.0 1.14466e-16
6508.0 1.19487e-16
6510.0 1.18179e-16
6512.0 1.21983e-16
6514.0 1.20608e-16
6516.0 1.1773e-16
6518.0 1.19074e-16
6520.0 1.17062e-16
6522.0 1.16637e-16
6524.0 1.14935e-16
6526.0 1.12715e-16
6528.0 1.12954e-16
6530.0 1.12478e-16
6532.0 1.10433e-16
6534.0 1.11527e-16
6536.0 1.15438e-16
6538.0 1.17834e-16
6540.0 1.13773e-16
6542.0 1.17393e-16
6544.0 1.15187e-16
6546.0 1.14768e-16
6548.0 1.14757e-16
6550.0 1.17452e-16
6552.0 1.15671e-16
6554.0 1.16422e-16
6556.0 1.15851e-16
6558.0 1.17538e-16
6560.0 1.13677e-16
6562.0 1.13251e-16
6564.0 1.10888e-16
6566.0 1.03234e-16
6568.0 1.02354e-16
6570.0 1.04591e-16
6572.0 1.01567e-16
6574.0 1.02827e-16
6576.0 1.08458e-16
6578.0 1.117e-16
6580.0 1.10901e-16
6582.0 1.1381e-16
6584.0 1.11884e-16
6586.0 1.15671e-16
6588.0 1.15303e-16
6590.0 1.14062e-16
6592.0 1.14311e-16
6594.0 1.12215e-16
6596.0 1.13975e-16
6598.0 1.13508e-16
6600.0 1.14019e-16
6602.0 1.13556e-16
6604.0 1.11675e-16
6606.0 1.13324e-16
6608.0 1.11728e-16
6610.0 1.13679e-16
6612.0 1.11104e-16
6614.0 1.12585e-16
6616.0 1.11459e-16
6618.0 1.14891e-16
6620.0 1.16144e-16
6622.0 1.13079e-16
6624.0 1.13866e-16
6626.0 1.13506e-16
6628.0 1.15072e-16
6630.0 1.08494e-16
6632.0 1.13375e-16
6634.0 1.1513e-16
6636.0 1.12137e-16
6638.0 1.14118e-16
6640.0 1.14241e-16
6642.0 1.12114e-16
6644.0 1.13484e-16
6646.0 1.17331e-16
6648.0 1.15089e-16
6650.0 1.11906e-16
6652.0 1.1686e-16
6654.0 1.14225e-16
6656.0 1.15737e-16
6658.0 1.16838e-16
6660.0 1.17023e-16
6662.0 1.13034e-16
6664.0 1.11967e-16
6666.0 1.114e-16
6668.0 1.14932e-16
6670.0 1.12635e-16
6672.0 1.10397e-16
6674.0 1.11856e-16
6676.0 1.14241e-16
6678.0 1.17818e-16
6680.0 1.17348e-16
6682.0 1.15916e-16
6684.0 1.14435e-16
6686.0 1.1512e-16
6688.0 1.1196e-16
6690.0 1.11935e-16
6692.0 1.13006e-16
6694.0 1.11403e-16
6696.0 1.12774e-16
6698.0 1.10525e-16
6700.0 1.09426e-16
6702.0 1.09149e-16
6704.0 1.07971e-16
6706.0 1.13378e-16
6708.0 1.08125e-16
6710.0 1.02927e-16
6712.0 9.84462e-17
6714.0 9.73733e-17
6716.0 1.02451e-16
6718.0 1.0751e-16
6720.0 1.10989e-16
6722.0 1.15598e-16
6724.0 1.11526e-16
6726.0 1.16291e-16
6728.0 1.14821e-16
6730.0 1.09996e-16
6732.0 1.18467e-16
6734.0 1.13746e-16
6736.0 1.14532e-16
6738.0 1.10355e-16
6740.0 1.16697e-16
6742.0 1.185e-16
6744.0 1.15668e-16
6746.0 1.15814e-16
6748.0 1.16371e-16
6750.0 1.12231e-16
6752.0 1.09389e-16
6754.0 1.09976e-16
6756.0 1.12545e-16
6758.0 1.14898e-16
6760.0 1.13267e-16
6762.0 1.10633e-16
6764.0 1.13382e-16
6766.0 1.11496e-16
6768.0 1.14866e-16
6770.0 1.15395e-16
6772.0 1.17147e-16
6774.0 1.14979e-16
6776.0 1.1345e-16
6778.0 1.11972e-16
6780.0 1.13336e-16
6782.0 1.11695e-16
6784.0 1.10981e-16
6786.0 1.10342e-16
6788.0 1.11056e-16
6790.0 1.11647e-16
6792.0 1.11561e-16
6794.0 1.13409e-16
6796.0 1.14292e-16
6798.0 1.15904e-16
6800.0 1.1355e-16
6802.0 1.10794e-16
6804.0 1.09165e-16
6806.0 1.074e-16
6808.0 1.11578e-16
6810.0 1.15822e-16
6812.0 1.14575e-16
6814.0 1.12749e-16
6816.0 1.12622e-16
6818.0 1.11119e-16
6820.0 1.09954e-16
6822.0 1.10265e-16
6824.0 1.11873e-16
6826.0 1.09794e-16
6828.0 1.12905e-16
6830.0 1.11252e-16
6832.0 1.10595e-16
6834.0 1.07394e-16
6836.0 1.11189e-16
6838.0 1.10084e-16
6840.0 1.07802e-16
6842.0 1.08208e-16
6844.0 1.0754e-16
6846.0 1.07179e-16
6848.0 1.09569e-16
6850.0 1.11621e-16
6852.0 1.11189e-16
6854.0 1.12094e-16
6856.0 1.08285e-16
6858.0 1.0959e-16
6860.0 1.1233e-16
6862.0 1.08681e-16
6864.0 1.12813e-16
6866.0 1.07011e-16
6868.0 1.02451e-16
6870.0 1.0332e-16
6872.0 1.05555e-16
6874.0 1.05365e-16
6876.0 1.05554e-16
6878.0 1.07188e-16
6880.0 1.09345e-16
6882.0 1.08671e-16
6884.0 1.11255e-16
6886.0 1.08155e-16
6888.0 1.0846e-16
6890.0 1.06407e-16
6892.0 1.09305e-16
6894.0 1.12468e-16
6896.0 1.11936e-16
6898.0 1.09104e-16
6900.0 1.13651e-16
6902.0 1.06423e-16
6904.0 1.06676e-16
6906.0 1.07764e-16
6908.0 1.07536e-16
6910.0 1.08556e-16
6912.0 1.09719e-16
6914.0 1.0841e-16
6916.0 1.10877e-16
6918.0 1.11238e-16
6920.0 1.1439e-16
6922.0 1.10021e-16
6924.0 1.08255e-16
6926.0 1.0629e-16
6928.0 1.07095e-16
6930.0 1.0593e-16
6932.0 1.06146e-16
6934.0 1.0532e-16
6936.0 1.07159e-16
6938.0 1.03766e-16
6940.0 1.05659e-16
6942.0 1.06467e-16
6944.0 1.07033e-16
6946.0 1.05928e-16
6948.0 1.03723e-16
6950.0 1.06775e-16
6952.0 1.04048e-16
6954.0 1.04494e-16
6956.0 1.06895e-16
6958.0 1.02182e-16
6960.0 1.02994e-16
6962.0 1.02512e-16
6964.0 1.05997e-16
6966.0 1.06026e-16
6968.0 1.05002e-16
6970.0 1.05835e-16
6972.0 1.00812e-16
6974.0 1.00381e-16
6976.0 1.0093e-16
6978.0 1.02802e-16
6980.0 1.02945e-16
6982.0 1.08176e-16
6984.0 1.0557e-16
6986.0 1.06051e-16
6988.0 1.07446e-16
6990.0 1.04828e-16
6992.0 1.11084e-16
6994.0 1.08513e-16
6996.0 1.10574e-16
6998.0 1.06393e-16
7000.0 1.11224e-16
7002.0 1.10108e-16
7004.0 1.09488e-16
7006.0 1.07763e-16
7008.0 1.05869e-16
7010.0 1.0689e-16
7012.0 1.12852e-16
7014.0 1.09511e-16
7016.0 1.06478e-16
7018.0 1.06546e-16
7020.0 1.05863e-16
7022.0 1.05371e-16
7024.0 1.07528e-16
7026.0 1.03669e-16
7028.0 1.09383e-16
7030.0 1.08737e-16
7032.0 1.05554e-16
7034.0 1.05395e-16
7036.0 1.09843e-16
7038.0 1.0902e-16
7040.0 1.07206e-16
7042.0 1.03876e-16
7044.0 1.03719e-16
7046.0 1.05242e-16
7048.0 1.0615e-16
7050.0 1.05309e-16
7052.0 1.05019e-16
7054.0 1.0863e-16
7056.0 1.09699e-16
7058.0 1.08e-16
7060.0 1.06488e-16
7062.0 1.06046e-16
7064.0 1.07113e-16
7066.0 1.03656e-16
7068.0 1.05395e-16
7070.0 1.03825e-16
7072.0 1.06528e-16
7074.0 1.05853e-16
7076.0 1.0756e-16
7078.0 1.11148e-16
7080.0 1.08437e-16
7082.0 1.08231e-16
7084.0 1.10304e-16
7086.0 1.06522e-16
7088.0 1.06013e-16
7090.0 1.03428e-16
7092.0 1.0343e-16
7094.0 1.02564e-16
7096.0 1.03824e-16
7098.0 1.05768e-16
7100.0 1.07281e-16
7102.0 1.0725e-16
7104.0 1.07226e-16
7106.0 1.08298e-16
7108.0 1.07081e-16
7110.0 1.06994e-16
7112.0 1.12257e-16
7114.0 1.09544e-16
7116.0 1.10826e-16
7118.0 1.08851e-16
7120.0 1.10252e-16
7122.0 1.10451e-16
7124.0 1.08293e-16
7126.0 1.07299e-16
7128.0 1.0643e-16
7130.0 1.1054e-16
7132.0 1.03679e-16
7134.0 1.04189e-16
7136.0 1.05483e-16
7138.0 1.06715e-16
7140.0 1.0657e-16
7142.0 1.07105e-16
7144.0 1.07307e-16
7146.0 1.08246e-16
7148.0 1.07467e-16
7150.0 1.04673e-16
7152.0 1.06919e-16
7154.0 1.06115e-16
7156.0 1.03877e-16
7158.0 1.06649e-16
7160.0 1.04643e-16
7162.0 1.07202e-16
7164.0 1.07397e-16
7166.0 1.05108e-16
7168.0 1.05454e-16
7170.0 1.08487e-16
7172.0 1.09095e-16
7174.0 1.04644e-16
7176.0 1.06178e-16
7178.0 1.06061e-16
7180.0 1.07335e-16
7182.0 1.09693e-16
7184.0 1.08945e-16
7186.0 1.09051e-16
7188.0 1.08733e-16
7190.0 1.0683e-16
7192.0 1.03978e-16
7194.0 1.03919e-16
7196.0 1.04152e-16
7198.0 1.06417e-16
7200.0 1.07565e-16
7202.0 1.06639e-16
7204.0 1.06876e-16
7206.0 1.05717e-16
7208.0 1.04026e-16
7210.0 1.09003e-16
7212.0 1.07526e-16
7214.0 1.07057e-16
7216.0 1.06505e-16
7218.0 1.0818e-16
7220.0 1.07765e-16
7222.0 1.11773e-16
7224.0 1.08473e-16
7226.0 1.10979e-16
7228.0 1.0659e-16
7230.0 1.07089e-16
7232.0 1.07167e-16
7234.0 1.06382e-16
7236.0 1.07322e-16
7238.0 1.00598e-16
7240.0 1.02686e-16
7242.0 9.877e-17
7244.0 1.00028e-16
7246.0 1.03082e-16
7248.0 1.06111e-16
7250.0 1.05903e-16
7252.0 1.04712e-16
7254.0 1.07335e-16
7256.0 1.0919e-16
7258.0 1.07467e-16
7260.0 1.09349e-16
7262.0 1.05687e-16
7264.0 1.09377e-16
7266.0 1.08236e-16
7268.0 1.07175e-16
7270.0 1.09103e-16
7272.0 1.08335e-16
7274.0 1.09051e-16
7276.0 1.08229e-16
7278.0 1.00275e-16
7280.0 1.05785e-16
7282.0 1.05752e-16
7284.0 1.06743e-16
7286.0 1.08143e-16
7288.0 1.07035e-16
7290.0 1.06092e-16
7292.0 1.05345e-16
7294.0 1.05673e-16
7296.0 1.0514e-16
7298.0 1.04314e-16
7300.0 1.04356e-16
7302.0 1.03932e-16
7304.0 1.05679e-16
7306.0 1.04383e-16
7308.0 1.00603e-16
7310.0 9.79312e-17
7312.0 9.44135e-17
7314.0 9.33694e-17
7316.0 8.82787e-17
7318.0 8.78965e-17
7320.0 9.56536e-17
7322.0 9.50788e-17
7324.0 1.01218e-16
7326.0 1.02531e-16
7328.0 1.0415e-16
7330.0 1.01768e-16
7332.0 1.01211e-16
7334.0 1.05367e-16
7336.0 1.05964e-16
7338.0 1.10123e-16
7340.0 1.133e-16
7342.0 1.09554e-16
7344.0 1.08156e-16
7346.0 1.07846e-16
7348.0 1.06933e-16
7350.0 1.0408e-16
7352.0 1.01156e-16
7354.0 1.01413e-16
7356.0 1.03738e-16
7358.0 1.06275e-16
7360.0 1.0207e-16
7362.0 1.03079e-16
7364.0 1.04734e-16
7366.0 1.03074e-16
7368.0 1.05777e-16
7370.0 1.03493e-16
7372.0 1.04597e-16
7374.0 1.04548e-16
7376.0 1.03183e-16
7378.0 1.0629e-16
7380.0 1.05013e-16
7382.0 1.0541e-16
7384.0 1.07124e-16
7386.0 1.05342e-16
7388.0 1.04762e-16
7390.0 1.03611e-16
7392.0 1.02041e-16
7394.0 1.031e-16
7396.0 1.02766e-16
7398.0 1.03093e-16
7400.0 1.0326e-16
7402.0 1.01287e-16
7404.0 1.01372e-16
7406.0 1.05915e-16
7408.0 1.04895e-16
7410.0 1.05261e-16
7412.0 1.01747e-16
7414.0 1.03328e-16
7416.0 1.05775e-16
7418.0 1.0301e-16
7420.0 1.03379e-16
7422.0 1.06393e-16
7424.0 1.0525e-16
7426.0 1.02357e-16
7428.0 1.03381e-16
7430.0 9.9414e-17
7432.0 1.02447e-16
7434.0 1.02707e-16
7436.0 1.04941e-16
7438.0 1.04909e-16
7440.0 1.05316e-16
7442.0 1.02705e-16
7444.0 1.01736e-16
7446.0 1.02954e-16
7448.0 1.04511e-16
7450.0 1.00893e-16
7452.0 1.06943e-16
7454.0 1.06061e-16
7456.0 1.05906e-16
7458.0 1.03152e-16
7460.0 1.05898e-16
7462.0 1.05053e-16
7464.0 1.0499e-16
7466.0 1.01746e-16
7468.0 1.02289e-16
7470.0 1.03669e-16
7472.0 1.04606e-16
7474.0 1.03584e-16
7476.0 1.0573e-16
7478.0 1.00906e-16
7480.0 1.00793e-16
7482.0 1.01769e-16
7484.0 1.0249e-16
7486.0 1.00231e-16
7488.0 1.01419e-16
7490.0 9.69984e-17
7492.0 9.81984e-17
7494.0 1.00741e-16
7496.0 1.03031e-16
7498.0 1.02298e-16
7500.0 9.99987e-17
7502.0 1.03345e-16
7504.0 1.02876e-16
7506.0 1.01605e-16
7508.0 1.02516e-16
7510.0 1.04449e-16
7512.0 1.01088e-16
7514.0 1.00884e-16
7516.0 1.0207e-16
7518.0 1.00031e-16
7520.0 1.00478e-16
7522.0 9.79779e-17
7524.0 9.88386e-17
7526.0 1.00824e-16
7528.0 9.83432e-17
7530.0 1.00515e-16
7532.0 1.0383e-16
7534.0 1.03944e-16
7536.0 1.04211e-16
7538.0 1.03281e-16
7540.0 1.01931e-16
7542.0 1.03001e-16
7544.0 1.04844e-16
7546.0 1.03221e-16
7548.0 1.04341e-16
7550.0 1.03737e-16
7552.0 1.02125e-16
7554.0 1.01971e-16
7556.0 1.08525e-16
7558.0 1.04784e-16
7560.0 1.01146e-16
7562.0 1.02918e-16
7564.0 1.01373e-16
7566.0 1.01197e-16
7568.0 1.00732e-16
7570.0 1.02427e-16
7572.0 1.00307e-16
7574.0 9.75258e-17
7576.0 1.01937e-16
7578.0 1.0107e-16
7580.0 1.01879e-16
7582.0 1.0404e-16
7584.0 1.02203e-16
7586.0 1.03523e-16
7588.0 1.00656e-16
7590.0 1.04835e-16
7592.0 1.02802e-16
7594.0 1.03456e-16
7596.0 1.10554e-16
7598.0 1.06312e-16
7600.0 1.06753e-16
7602.0 1.06287e-16
7604.0 1.06778e-16
7606.0 1.07323e-16
7608.0 1.07067e-16
7610.0 1.06962e-16
7612.0 1.02676e-16
7614.0 1.00135e-16
7616.0 9.84486e-17
7618.0 9.81643e-17
7620.0 9.79829e-17
7622.0 1.00922e-16
7624.0 1.00646e-16
7626.0 1.01497e-16
7628.0 1.0057e-16
7630.0 9.92085e-17
7632.0 1.04772e-16
7634.0 1.0429e-16
7636.0 1.01041e-16
7638.0 9.92022e-17
7640.0 9.96153e-17
7642.0 1.03269e-16
7644.0 1.02205e-16
7646.0 1.00393e-16
7648.0 9.84509e-17
7650.0 1.01403e-16
7652.0 1.00309e-16
7654.0 9.89825e-17
7656.0 9.88007e-17
7658.0 1.0164e-16
7660.0 1.02698e-16
7662.0 1.01157e-16
7664.0 9.84122e-17
7666.0 9.99663e-17
7668.0 1.00741e-16
7670.0 1.00159e-16
7672.0 1.04068e-16
7674.0 1.03519e-16
7676.0 1.02086e-16
7678.0 1.01391e-16
7680.0 1.00325e-16
7682.0 1.02949e-16
7684.0 1.00737e-16
7686.0 1.02902e-16
7688.0 1.02652e-16
7690.0 9.87007e-17
7692.0 1.04195e-16
7694.0 1.03229e-16
7696.0 1.02691e-16
7698.0 1.00914e-16
7700.0 1.01067e-16
7702.0 1.00275e-16
7704.0 1.01251e-16
7706.0 1.02864e-16
7708.0 1.01519e-16
7710.0 1.02873e-16
7712.0 1.02164e-16
7714.0 9.79712e-17
7716.0 1.01397e-16
7718.0 9.851e-17
7720.0 9.92848e-17
7722.0 9.9462e-17
7724.0 9.80603e-17
7726.0 1.02888e-16
7728.0 9.97656e-17
7730.0 9.99756e-17
7732.0 1.00965e-16
7734.0 1.02157e-16
7736.0 1.00524e-16
7738.0 1.04975e-16
7740.0 1.02085e-16
7742.0 1.06403e-16
7744.0 9.9516e-17
7746.0 1.00262e-16
7748.0 1.01937e-16
7750.0 1.01178e-16
7752.0 1.013e-16
7754.0 1.02895e-16
7756.0 1.02047e-16
7758.0 1.04007e-16
7760.0 1.04745e-16
7762.0 1.03833e-16
7764.0 1.01962e-16
7766.0 1.01226e-16
7768.0 1.01781e-16
7770.0 1.00599e-16
7772.0 1.0467e-16
7774.0 1.0124e-16
7776.0 1.01147e-16
7778.0 9.97392e-17
7780.0 9.97811e-17
7782.0 1.02479e-16
7784.0 1.03271e-16
7786.0 1.04132e-16
7788.0 1.04622e-16
7790.0 1.02922e-16
7792.0 1.05203e-16
7794.0 1.04997e-16
7796.0 1.06615e-16
7798.0 1.01423e-16
7800.0 9.88752e-17
7802.0 1.04488e-16
7804.0 1.00577e-16
7806.0 1.00434e-16
7808.0 1.00282e-16
7810.0 1.00098e-16
7812.0 1.04982e-16
7814.0 1.02068e-16
7816.0 1.01468e-16
7818.0 1.03467e-16
7820.0 1.03447e-16
7822.0 1.01429e-16
7824.0 1.02321e-16
7826.0 1.02301e-16
7828.0 1.01189e-16
7830.0 1.03115e-16
7832.0 1.03889e-16
7834.0 1.05114e-16
7836.0 1.00305e-16
7838.0 1.01156e-16
7840.0 9.89082e-17
7842.0 1.04029e-16
7844.0 1.00576e-16
7846.0 1.02133e-16
7848.0 1.04048e-16
7850.0 1.04507e-16
7852.0 1.06557e-16
7854.0 1.04038e-16
7856.0 1.0363e-16
7858.0 1.04905e-16
7860.0 1.02021e-16
7862.0 1.01668e-16
7864.0 9.91034e-17
7866.0 1.03529e-16
7868.0 1.00729e-16
7870.0 9.84657e-17
7872.0 9.52449e-17
7874.0 9.80643e-17
7876.0 9.82052e-17
7878.0 9.8244e-17
7880.0 9.68147e-17
7882.0 9.56067e-17
7884.0 9.99073e-17
7886.0 1.02136e-16
7888.0 1.00977e-16
7890.0 1.00086e-16
7892.0 9.9529e-17
7894.0 1.00301e-16
7896.0 9.9658e-17
7898.0 9.83761e-17
7900.0 9.67637e-17
7902.0 9.8247e-17
7904.0 9.65705e-17
7906.0 9.75386e-17
7908.0 9.91965e-17
7910.0 9.55586e-17
7912.0 9.81787e-17
7914.0 9.62525e-17
7916.0 9.89837e-17
7918.0 9.7842e-17
7920.0 1.0114e-16
7922.0 9.80429e-17
7924.0 9.64622e-17
7926.0 9.26327e-17
7928.0 9.24558e-17
7930.0 9.50126e-17
7932.0 9.61147e-17
7934.0 9.33181e-17
7936.0 9.53684e-17
7938.0 9.43222e-17
7940.0 9.43373e-17
7942.0 9.56527e-17
7944.0 9.54569e-17
7946.0 9.23469e-17
7948.0 9.54997e-17
7950.0 9.04477e-17
7952.0 9.21173e-17
7954.0 9.15264e-17
7956.0 9.42351e-17
7958.0 9.28828e-17
7960.0 9.00172e-17
7962.0 9.2639e-17
7964.0 9.11968e-17
7966.0 9.20356e-17
7968.0 9.47188e-17
7970.0 9.39259e-17
7972.0 9.43325e-17
7974.0 9.27176e-17
7976.0 9.56228e-17
7978.0 9.43184e-17
7980.0 9.10511e-17
7982.0 9.61398e-17
7984.0 9.44703e-17
7986.0 8.96027e-17
7988.0 9.03392e-17
7990.0 9.27207e-17
7992.0 9.53853e-17
7994.0 9.84931e-17
7996.0 9.777e-17
7998.0 9.76262e-17
8000.0 9.774e-17
8002.0 9.56354e-17
8004.0 9.5199e-17
8006.0 9.08026e-17
8008.0 9.14296e-17
8010.0 9.2942e-17
8012.0 9.38074e-17
8014.0 9.44613e-17
8016.0 9.28397e-17
8018.0 9.16617e-17
8020.0 9.2801e-17
8022.0 9.7474e-17
8024.0 9.68917e-17
8026.0 9.43501e-17
8028.0 9.44581e-17
8030.0 9.33184e-17
8032.0 9.37792e-17
8034.0 9.39572e-17
8036.0 9.50347e-17
8038.0 9.26125e-17
8040.0 9.50776e-17
8042.0 9.68714e-17
8044.0 9.3504e-17
8046.0 9.77924e-17
8048.0 9.49151e-17
8050.0 9.64806e-17
8052.0 9.32807e-17
8054.0 9.52882e-17
8056.0 9.46669e-17
8058.0 9.73582e-17
8060.0 9.76842e-17
8062.0 9.91935e-17
8064.0 9.58522e-17
8066.0 9.85712e-17
8068.0 9.8844e-17
8070.0 9.63852e-17
8072.0 9.85328e-17
8074.0 9.59263e-17
8076.0 9.61268e-17
8078.0 9.77694e-17
8080.0 9.77874e-17
8082.0 9.88454e-17
8084.0 9.67407e-17
8086.0 9.76655e-17
8088.0 9.57663e-17
8090.0 9.73295e-17
8092.0 9.56346e-17
8094.0 9.4928e-17
8096.0 9.44275e-17
8098.0 9.69037e-17
8100.0 9.90388e-17
8102.0 9.72154e-17
8104.0 9.85661e-17
8106.0 9.86681e-17
8108.0 9.82088e-17
8110.0 9.74624e-17
8112.0 9.54839e-17
8114.0 9.58843e-17
8116.0 9.39584e-17
8118.0 9.71565e-17
8120.0 9.70164e-17
8122.0 9.28203e-17
8124.0 9.51105e-17
8126.0 9.65647e-17
8128.0 9.67726e-17
8130.0 9.34327e-17
8132.0 9.57869e-17
8134.0 9.72994e-17
8136.0 9.75512e-17
8138.0 9.60966e-17
8140.0 9.83362e-17
8142.0 9.67158e-17
8144.0 9.96642e-17
8146.0 9.33934e-17
8148.0 9.53732e-17
8150.0 1.01063e-16
8152.0 9.91241e-17
8154.0 9.96974e-17
8156.0 9.83787e-17
8158.0 1.01352e-16
8160.0 9.89963e-17
8162.0 1.00626e-16
8164.0 9.88901e-17
8166.0 1.00195e-16
8168.0 9.79961e-17
8170.0 9.87541e-17
8172.0 9.72028e-17
8174.0 9.88827e-17
8176.0 9.86313e-17
8178.0 9.93232e-17
8180.0 9.78608e-17
8182.0 9.77303e-17
8184.0 1.00323e-16
8186.0 9.84877e-17
8188.0 9.74962e-17
8190.0 9.62559e-17
8192.0 9.88384e-17
8194.0 9.96284e-17
8196.0 1.00637e-16
8198.0 9.68186e-17
8200.0 9.59558e-17
8202.0 9.71273e-17
8204.0 9.84505e-17
8206.0 9.75672e-17
8208.0 1.00407e-16
8210.0 9.92662e-17
8212.0 1.00569e-16
8214.0 1.00303e-16
8216.0 1.01671e-16
8218.0 9.72562e-17
8220.0 1.00132e-16
8222.0 1.00159e-16
8224.0 1.02818e-16
8226.0 1.00071e-16
8228.0 1.02187e-16
8230.0 1.0343e-16
8232.0 1.00385e-16
8234.0 9.94458e-17
8236.0 9.78548e-17
8238.0 9.64492e-17
8240.0 1.00938e-16
8242.0 1.00601e-16
8244.0 1.02274e-16
8246.0 1.05341e-16
8248.0 1.02758e-16
8250.0 1.02684e-16
8252.0 9.92746e-17
8254.0 9.96228e-17
8256.0 1.00468e-16
8258.0 9.87742e-17
8260.0 1.00122e-16
8262.0 9.78059e-17
8264.0 9.97496e-17
8266.0 9.91502e-17
8268.0 9.86191e-17
8270.0 9.8635e-17
8272.0 9.59277e-17
8274.0 9.76547e-17
8276.0 9.88089e-17
8278.0 1.01736e-16
8280.0 1.01348e-16
8282.0 1.00883e-16
8284.0 1.00226e-16
8286.0 1.00367e-16
8288.0 9.85215e-17
8290.0 1.00998e-16
8292.0 1.01495e-16
8294.0 1.03042e-16
8296.0 1.03586e-16
8298.0 1.00621e-16
8300.0 9.86415e-17
8302.0 1.01842e-16
8304.0 9.95938e-17
8306.0 1.0113e-16
8308.0 1.02052e-16
8310.0 1.02394e-16
8312.0 1.05512e-16
8314.0 1.02604e-16
8316.0 1.00231e-16
8318.0 9.80058e-17
8320.0 9.88585e-17
8322.0 9.93404e-17
8324.0 9.85744e-17
8326.0 1.00934e-16
8328.0 1.02436e-16
8330.0 1.01623e-16
8332.0 9.83844e-17
8334.0 9.92394e-17
8336.0 1.01393e-16
8338.0 1.00538e-16
8340.0 1.01477e-16
8342.0 1.03832e-16
8344.0 1.02264e-16
8346.0 1.01138e-16
8348.0 1.01044e-16
8350.0 1.04605e-16
8352.0 1.00862e-16
8354.0 9.845e-17
8356.0 9.80451e-17
8358.0 1.00709e-16
8360.0 9.97285e-17
8362.0 1.03956e-16
8364.0 1.02263e-16
8366.0 1.00532e-16
8368.0 1.05147e-16
8370.0 1.01564e-16
8372.0 9.97698e-17
8374.0 9.98769e-17
8376.0 1.01738e-16
8378.0 1.02472e-16
8380.0 1.05515e-16
8382.0 1.04953e-16
8384.0 1.05464e-16
8386.0 9.9916e-17
8388.0 1.00134e-16
8390.0 1.00776e-16
8392.0 1.01485e-16
8394.0 1.00447e-16
8396.0 1.06621e-16
8398.0 1.09221e-16
8400.0 1.06106e-16
8402.0 1.06497e-16
8404.0 1.0204e-16
8406.0 9.99211e-17
8408.0 1.02436e-16
8410.0 1.01787e-16
8412.0 9.93397e-17
8414.0 1.00033e-16
8416.0 1.02928e-16
8418.0 9.92398e-17
8420.0 1.02021e-16
8422.0 1.03113e-16
8424.0 1.04068e-16
8426.0 1.02383e-16
8428.0 1.02441e-16
8430.0 1.0201e-16
8432.0 1.03381e-16
8434.0 9.99497e-17
8436.0 1.01905e-16
8438.0 1.02533e-16
8440.0 1.01902e-16
8442.0 1.00476e-16
8444.0 1.02015e-16
8446.0 1.04518e-16
8448.0 1.04062e-16
8450.0 1.03924e-16
8452.0 1.03039e-16
8454.0 1.04275e-16
8456.0 1.021e-16
8458.0 9.95209e-17
8460.0 9.83153e-17
8462.0 9.9183e-17
8464.0 9.9812e-17
8466.0 9.69462e-17
8468.0 1.01847e-16
8470.0 1.00123e-16
8472.0 1.00282e-16
8474.0 1.00799e-16
8476.0 9.9849e-17
8478.0 9.79274e-17
8480.0 9.93048e-17
8482.0 9.82399e-17
8484.0 9.86105e-17
8486.0 9.66578e-17
8488.0 9.86547e-17
8490.0 9.7953e-17
8492.0 9.55382e-17
8494.0 9.73717e-17
8496.0 9.7165e-17
8498.0 9.67498e-17
8500.0 1.00273e-16
8502.0 1.00686e-16
8504.0 9.97336e-17
8506.0 9.80927e-17
8508.0 9.84699e-17
8510.0 9.82401e-17
8512.0 9.78186e-17
8514.0 9.79247e-17
8516.0 9.92328e-17
8518.0 9.70041e-17
8520.0 9.62261e-17
8522.0 9.90277e-17
8524.0 1.0195e-16
8526.0 1.00079e-16
8528.0 1.00052e-16
8530.0 9.67976e-17
8532.0 9.95298e-17
8534.0 9.66883e-17
8536.0 9.44551e-17
8538.0 9.41763e-17
8540.0 9.33632e-17
8542.0 9.28698e-17
8544.0 9.32209e-17
8546.0 9.29264e-17
8548.0 9.35891e-17
8550.0 9.63452e-17
8552.0 9.69614e-17
8554.0 9.82813e-17
8556.0 9.63035e-17
8558.0 9.75277e-17
8560.0 9.70782e-17
8562.0 9.65044e-17
8564.0 9.92338e-17
8566.0 9.93465e-17
8568.0 9.70572e-17
8570.0 9.65421e-17
8572.0 9.81802e-17
8574.0 9.58068e-17
8576.0 9.49991e-17
8578.0 9.68003e-17
8580.0 9.89264e-17
8582.0 9.74176e-17
8584.0 9.44612e-17
8586.0 9.49554e-17
8588.0 9.67449e-17
8590.0 9.61307e-17
8592.0 1.01599e-16
8594.0 9.86437e-17
8596.0 9.88011e-17
8598.0 9.59488e-17
8600.0 8.93842e-17
8602.0 9.3565e-17
8604.0 9.40024e-17
8606.0 9.51818e-17
8608.0 9.48289e-17
8610.0 9.56551e-17
8612.0 9.60296e-17
8614.0 9.52348e-17
8616.0 9.74965e-17
8618.0 9.63196e-17
8620.0 9.48278e-17
8622.0 9.73363e-17
8624.0 9.95837e-17
8626.0 9.83772e-17
8628.0 1.00017e-16
8630.0 9.28645e-17
8632.0 9.61281e-17
8634.0 1.0169e-16
8636.0 9.9068e-17
8638.0 9.31686e-17
8640.0 9.45163e-17
8642.0 9.45085e-17
8644.0 9.62537e-17
8646.0 9.3688e-17
8648.0 1.01576e-16
8650.0 9.90496e-17
8652.0 9.8268e-17
8654.0 9.69531e-17
8656.0 9.70176e-17
8658.0 1.01397e-16
8660.0 9.94343e-17
8662.0 1.00262e-16
8664.0 9.38143e-17
8666.0 9.92449e-17
8668.0 9.66646e-17
8670.0 9.62624e-17
8672.0 1.00191e-16
8674.0 9.65824e-17
8676.0 9.82998e-17
8678.0 9.80538e-17
8680.0 9.75958e-17
8682.0 9.68667e-17
8684.0 9.69024e-17
8686.0 9.65093e-17
8688.0 9.87821e-17
8690.0 9.74599e-17
8692.0 9.8838e-17
8694.0 9.69549e-17
8696.0 9.70142e-17
8698.0 9.84622e-17
8700.0 9.9704e-17
8702.0 9.74274e-17
8704.0 9.73604e-17
8706.0 9.8056e-17
8708.0 9.77456e-17
8710.0 9.78394e-17
8712.0 9.95605e-17
8714.0 9.90161e-17
8716.0 9.9018e-17
8718.0 1.01861e-16
8720.0 9.96907e-17
8722.0 1.00694e-16
8724.0 1.01355e-16
8726.0 1.00786e-16
8728.0 9.92745e-17
8730.0 9.70192e-17
8732.0 9.61176e-17
8734.0 9.51883e-17
8736.0 9.53192e-17
8738.0 9.68339e-17
8740.0 9.86368e-17
8742.0 9.83894e-17
8744.0 1.00707e-16
8746.0 9.94934e-17
8748.0 9.6426e-17
8750.0 9.98562e-17
8752.0 9.69709e-17
8754.0 9.78559e-17
8756.0 1.00719e-16
8758.0 9.84125e-17
8760.0 1.00346e-16
8762.0 1.00638e-16
8764.0 1.00457e-16
8766.0 1.04214e-16
8768.0 1.02327e-16
8770.0 9.79733e-17
8772.0 9.93116e-17
8774.0 9.84601e-17
8776.0 1.01866e-16
8778.0 1.01188e-16
8780.0 9.66868e-17
8782.0 9.66829e-17
8784.0 9.59047e-17
8786.0 9.48113e-17
8788.0 9.96968e-17
8790.0 1.00177e-16
8792.0 9.88347e-17
8794.0 9.95903e-17
8796.0 1.00049e-16
8798.0 9.94392e-17
8800.0 9.65721e-17
8802.0 9.7444e-17
8804.0 9.75752e-17
8806.0 9.88884e-17
8808.0 9.75176e-17
8810.0 9.55381e-17
8812.0 9.8547e-17
8814.0 9.81172e-17
8816.0 9.53835e-17
8818.0 9.82009e-17
8820.0 9.6258e-17
8822.0 9.13187e-17
8824.0 9.30409e-17
8826.0 8.92778e-17
8828.0 9.37298e-17
8830.0 9.70491e-17
8832.0 9.1983e-17
8834.0 9.92249e-17
8836.0 9.75949e-17
8838.0 9.85628e-17
8840.0 9.51405e-17
8842.0 9.7433e-17
8844.0 9.33745e-17
8846.0 9.53623e-17
8848.0 9.41922e-17
8850.0 9.13252e-17
8852.0 9.44828e-17
8854.0 9.59424e-17
8856.0 9.56987e-17
8858.0 9.12919e-17
8860.0 9.07945e-17
8862.0 9.28984e-17
8864.0 9.66962e-17
8866.0 9.87578e-17
8868.0 9.65611e-17
8870.0 1.00422e-16
8872.0 9.66243e-17
8874.0 9.93066e-17
8876.0 9.95863e-17
8878.0 9.77583e-17
8880.0 9.41918e-17
8882.0 9.73802e-17
8884.0 1.03425e-16
8886.0 1.0029e-16
8888.0 9.71417e-17
8890.0 9.30229e-17
8892.0 9.86204e-17
8894.0 9.81306e-17
8896.0 9.92087e-17
8898.0 9.95888e-17
8900.0 1.00814e-16
8902.0 9.9748e-17
8904.0 9.87869e-17
8906.0 9.82822e-17
8908.0 1.00923e-16
8910.0 1.00906e-16
8912.0 9.7439e-17
8914.0 9.65548e-17
8916.0 9.82447e-17
8918.0 9.24561e-17
8920.0 9.84825e-17
8922.0 1.02392e-16
8924.0 9.62947e-17
8926.0 9.93014e-17
8928.0 9.6045e-17
8930.0 9.76736e-17
8932.0 9.83026e-17
8934.0 9.76279e-17
8936.0 1.00865e-16
8938.0 9.93507e-17
8940.0 1.00795e-16
8942.0 1.01907e-16
8944.0 1.03429e-16
8946.0 9.80829e-17
8948.0 9.54223e-17
8950.0 9.52967e-17
8952.0 9.89646e-17
8954.0 9.9129e-17
8956.0 9.8333e-17
8958.0 1.02816e-16
8960.0 9.91767e-17
8962.0 9.99577e-17
8964.0 9.96144e-17
8966.0 1.00373e-16
8968.0 9.51057e-17
8970.0 9.83892e-17
8972.0 9.61688e-17
8974.0 9.46714e-17
8976.0 9.83031e-17
8978.0 9.8191e-17
8980.0 9.9255e-17
8982.0 9.99895e-17
8984.0 1.00518e-16
8986.0 1.07739e-16
8988.0 1.06613e-16
8990.0 1.00511e-16
8992.0 1.02384e-16
8994.0 1.01299e-16
8996.0 1.01277e-16
8998.0 1.0244e-16
9000.0 1.01356e-16
9002.0 9.89356e-17
9004.0 1.00272e-16
9006.0 9.97576e-17
9008.0 1.02536e-16
9010.0 9.8599e-17
9012.0 9.94008e-17
9014.0 9.93149e-17
9016.0 9.87976e-17
9018.0 9.80626e-17
9020.0 1.00322e-16
9022.0 9.84229e-17
9024.0 9.92226e-17
9026.0 1.01469e-16
9028.0 9.85082e-17
9030.0 9.88993e-17
9032.0 1.00328e-16
9034.0 9.91623e-17
9036.0 1.01042e-16
9038.0 9.8134e-17
9040.0 9.91033e-17
9042.0 9.77031e-17
9044.0 9.90131e-17
9046.0 9.75618e-17
9048.0 9.91957e-17
9050.0 1.00195e-16
9052.0 9.9373e-17
9054.0 9.8862e-17
9056.0 1.00012e-16
9058.0 1.01694e-16
9060.0 1.02005e-16
9062.0 1.02121e-16
9064.0 9.78388e-17
9066.0 9.88346e-17
9068.0 1.00494e-16
9070.0 9.91704e-17
9072.0 1.03041e-16
9074.0 1.04442e-16
9076.0 9.95498e-17
9078.0 1.01916e-16
9080.0 1.023e-16
9082.0 1.03447e-16
9084.0 1.00701e-16
9086.0 1.00178e-16
9088.0 9.95554e-17
9090.0 1.01174e-16
9092.0 1.00915e-16
9094.0 1.01817e-16
9096.0 1.0335e-16
9098.0 1.0188e-16
9100.0 1.009e-16
9102.0 9.95455e-17
9104.0 9.99861e-17
9106.0 1.03007e-16
9108.0 1.01981e-16
9110.0 1.03044e-16
9112.0 1.00949e-16
9114.0 1.01709e-16
9116.0 1.03394e-16
9118.0 1.00638e-16
9120.0 9.94925e-17
9122.0 9.96785e-17
9124.0 9.42177e-17
9126.0 9.54741e-17
9128.0 9.51811e-17
9130.0 9.52261e-17
9132.0 1.01869e-16
9134.0 1.02025e-16
9136.0 9.94312e-17
9138.0 9.28695e-17
9140.0 9.77072e-17
9142.0 9.92209e-17
9144.0 9.64074e-17
9146.0 9.7543e-17
9148.0 9.43436e-17
9150.0 9.59996e-17
9152.0 9.48111e-17
9154.0 9.7016e-17
9156.0 9.45714e-17
9158.0 9.95456e-17
9160.0 9.7593e-17
9162.0 9.7424e-17
9164.0 9.72195e-17
9166.0 9.92983e-17
9168.0 1.00861e-16
9170.0 9.80007e-17
9172.0 9.99607e-17
9174.0 9.93707e-17
9176.0 9.91837e-17
9178.0 9.88361e-17
9180.0 1.00287e-16
9182.0 9.97165e-17
9184.0 1.01041e-16
9186.0 1.00454e-16
9188.0 9.80616e-17
9190.0 1.00543e-16
9192.0 1.02224e-16
9194.0 9.99804e-17
9196.0 9.99849e-17
9198.0 9.65978e-17
9200.0 9.85215e-17
9202.0 1.01069e-16
9204.0 9.88429e-17
9206.0 9.90553e-17
9208.0 1.00303e-16
9210.0 1.04331e-16
9212.0 1.05548e-16
9214.0 1.01368e-16
9216.0 1.01993e-16
9218.0 1.01977e-16
9220.0 9.94324e-17
9222.0 1.01181e-16
9224.0 9.7868e-17
9226.0 9.74467e-17
9228.0 9.8857e-17
9230.0 1.0076e-16
9232.0 1.03366e-16
9234.0 1.00008e-16
9236.0 1.00614e-16
9238.0 1.01202e-16
9240.0 1.01731e-16
9242.0 1.01709e-16
9244.0 9.76801e-17
9246.0 9.81086e-17
9248.0 9.9004e-17
9250.0 9.96102e-17
9252.0 9.70579e-17
9254.0 9.87346e-17
9256.0 9.98125e-17
9258.0 9.78532e-17
9260.0 9.80104e-17
9262.0 9.74766e-17
9264.0 9.75787e-17
9266.0 9.65615e-17
9268.0 9.88835e-17
9270.0 9.85269e-17
9272.0 9.68738e-17
9274.0 9.92991e-17
9276.0 1.00124e-16
9278.0 9.90099e-17
9280.0 9.68191e-17
9282.0 1.0013e-16
9284.0 9.96432e-17
9286.0 9.77415e-17
9288.0 9.77663e-17
9290.0 9.83894e-17
9292.0 9.4893e-17
9294.0 9.43308e-17
9296.0 9.35814e-17
9298.0 9.9062e-17
9300.0 9.85942e-17
9302.0 9.93423e-17
9304.0 9.86754e-17
9306.0 9.34036e-17
9308.0 9.66048e-17
9310.0 9.08831e-17
9312.0 1.06631e-16
9314.0 1.00916e-16
9316.0 1.00225e-16
9318.0 9.46734e-17
9320.0 1.05561e-16
9322.0 1.10744e-16
9324.0 1.03807e-16
9326.0 1.00869e-16
9328.0 9.96604e-17
9330.0 1.05957e-16
9332.0 1.05465e-16
9334.0 9.64561e-17
9336.0 9.65196e-17
9338.0 1.02782e-16
9340.0 1.04669e-16
9342.0 1.05014e-16
9344.0 9.58238e-17
9346.0 1.01503e-16
9348.0 1.04684e-16
9350.0 1.04863e-16
9352.0 9.55927e-17
9354.0 8.99759e-17
9356.0 9.98528e-17
9358.0 1.04999e-16
9360.0 1.01071e-16
9362.0 1.00863e-16
9364.0 9.96855e-17
9366.0 9.50319e-17
9368.0 9.59912e-17
9370.0 9.73934e-17
9372.0 1.03594e-16
9374.0 1.04505e-16
9376.0 9.58978e-17
9378.0 1.05034e-16
9380.0 9.77512e-17
9382.0 1.00923e-16
9384.0 1.04967e-16
9386.0 9.67548e-17
9388.0 9.7859e-17
9390.0 9.67636e-17
9392.0 9.51037e-17
9394.0 9.53318e-17
9396.0 9.48943e-17
9398.0 9.63325e-17
9400.0 1.0043e-16
9402.0 9.77413e-17
9404.0 9.40217e-17
9406.0 9.59112e-17
9408.0 9.43751e-17
9410.0 9.59184e-17
9412.0 9.71847e-17
9414.0 9.71647e-17
9416.0 1.00486e-16
9418.0 9.5678e-17
9420.0 9.5866e-17
9422.0 9.89472e-17
9424.0 9.96009e-17
9426.0 1.01234e-16
9428.0 9.39262e-17
9430.0 9.84386e-17
9432.0 9.86339e-17
9434.0 9.8999e-17
9436.0 9.62564e-17
9438.0 9.81006e-17
9440.0 8.95164e-17
9442.0 9.01564e-17
9444.0 9.06702e-17
9446.0 9.6424e-17
9448.0 9.83342e-17
9450.0 9.54692e-17
9452.0 9.60858e-17
9454.0 9.9938e-17
9456.0 9.80945e-17
9458.0 1.01486e-16
9460.0 1.03167e-16
9462.0 8.8912e-17
9464.0 9.77882e-17
9466.0 1.01358e-16
9468.0 9.63414e-17
9470.0 9.11044e-17
9472.0 8.69832e-17
9474.0 8.73347e-17
9476.0 7.83689e-17
9478.0 9.33867e-17
9480.0 8.90534e-17
9482.0 9.20118e-17
9484.0 9.7839e-17
9486.0 1.00248e-16
9488.0 9.76819e-17
9490.0 9.14157e-17
9492.0 9.19605e-17
9494.0 9.3723e-17
9496.0 9.42281e-17
9498.0 9.89066e-17
9500.0 1.01941e-16
9502.0 9.45996e-17
9504.0 9.97852e-17
9506.0 9.85214e-17
9508.0 9.57777e-17
9510.0 9.37387e-17
9512.0 9.64012e-17
9514.0 9.94185e-17
9516.0 9.43285e-17
9518.0 9.02713e-17
9520.0 8.91724e-17
9522.0 7.95319e-17
9524.0 6.65546e-17
9526.0 6.79109e-17
9528.0 7.77985e-17
9530.0 8.08676e-17
9532.0 9.07843e-17
9534.0 9.62401e-17
9536.0 9.56991e-17
9538.0 9.75063e-17
9540.0 9.83163e-17
9542.0 1.03229e-16
9544.0 1.01889e-16
9546.0 1.00825e-16
9548.0 9.87568e-17
9550.0 1.05602e-16
9552.0 1.01253e-16
9554.0 9.9091e-17
9556.0 8.97817e-17
9558.0 9.78461e-17
9560.0 1.03765e-16
9562.0 9.9728e-17
9564.0 1.07942e-16
9566.0 1.01866e-16
9568.0 1.05939e-16
9570.0 1.07155e-16
9572.0 9.72675e-17
9574.0 1.00747e-16
9576.0 9.9918e-17
9578.0 9.51664e-17
9580.0 9.78729e-17
9582.0 9.78036e-17
9584.0 9.85587e-17
9586.0 9.96471e-17
9588.0 9.63564e-17
9590.0 9.72198e-17
9592.0 1.0028e-16
9594.0 9.96142e-17
9596.0 9.98683e-17
9598.0 1.00894e-16
9600.0 9.55809e-17
9602.0 9.85339e-17
9604.0 9.97208e-17
9606.0 1.00447e-16
9608.0 9.9558e-17
9610.0 1.05661e-16
9612.0 1.02122e-16
9614.0 1.02694e-16
9616.0 1.05008e-16
9618.0 1.04783e-16
9620.0 1.06151e-16
9622.0 9.89043e-17
9624.0 9.8592e-17
9626.0 1.04772e-16
9628.0 1.04616e-16
9630.0 1.01535e-16
9632.0 1.03615e-16
9634.0 1.03351e-16
9636.0 1.04672e-16
9638.0 1.00547e-16
9640.0 1.0361e-16
9642.0 1.0266e-16
9644.0 1.03704e-16
9646.0 9.9249e-17
9648.0 9.58383e-17
9650.0 9.54597e-17
9652.0 9.21782e-17
9654.0 8.5705e-17
9656.0 7.74371e-17
9658.0 7.29438e-17
9660.0 7.89014e-17
9662.0 8.1929e-17
9664.0 9.12651e-17
9666.0 9.90376e-17
9668.0 9.74512e-17
9670.0 9.59538e-17
9672.0 9.29281e-17
9674.0 9.38258e-17
9676.0 9.94359e-17
9678.0 1.02749e-16
9680.0 9.86267e-17
9682.0 9.81746e-17
9684.0 9.69953e-17
9686.0 9.55705e-17
9688.0 9.73377e-17
9690.0 1.01519e-16
9692.0 9.82645e-17
9694.0 9.72984e-17
9696.0 1.03312e-16
9698.0 1.02358e-16
9700.0 1.01596e-16
9702.0 9.99873e-17
9704.0 1.02892e-16
9706.0 1.02524e-16
9708.0 1.06279e-16
9710.0 1.03268e-16
9712.0 1.01748e-16
9714.0 1.00451e-16
9716.0 1.09868e-16
9718.0 1.12908e-16
9720.0 1.04456e-16
9722.0 1.03066e-16
9724.0 1.01121e-16
9726.0 1.04396e-16
9728.0 1.03476e-16
9730.0 1.01837e-16
9732.0 1.0464e-16
9734.0 1.02918e-16
9736.0 1.0213e-16
9738.0 1.01879e-16
9740.0 1.0113e-16
9742.0 1.05741e-16
9744.0 1.00774e-16
9746.0 9.98889e-17
9748.0 1.02348e-16
9750.0 1.00402e-16
9752.0 1.00717e-16
9754.0 9.80164e-17
9756.0 9.92264e-17
9758.0 9.98661e-17
9760.0 9.9153e-17
9762.0 1.00688e-16
9764.0 1.00898e-16
9766.0 1.01501e-16
9768.0 1.0416e-16
9770.0 1.02695e-16
9772.0 9.92639e-17
9774.0 1.00235e-16
9776.0 1.02574e-16
9778.0 1.03078e-16
9780.0 8.73341e-17
9782.0 8.55711e-17
9784.0 9.10919e-17
9786.0 1.02161e-16
9788.0 1.10569e-16
9790.0 1.02841e-16
9792.0 1.12191e-16
9794.0 1.01685e-16
9796.0 1.09419e-16
9798.0 1.18067e-16
9800.0 1.12851e-16
9802.0 1.07989e-16
9804.0 1.04114e-16
9806.0 1.05022e-16
9808.0 1.03748e-16
9810.0 1.08067e-16
9812.0 1.04772e-16
9814.0 1.09235e-16
9816.0 9.93682e-17
9818.0 9.74188e-17
9820.0 9.50933e-17
9822.0 1.00865e-16
9824.0 1.04995e-16
9826.0 1.07558e-16
9828.0 1.05268e-16
9830.0 1.10901e-16
9832.0 1.12266e-16
9834.0 1.05502e-16
9836.0 1.06063e-16
9838.0 1.0375e-16
9840.0 1.07948e-16
9842.0 1.09441e-16
9844.0 1.08729e-16
9846.0 1.08293e-16
9848.0 1.1187e-16
9850.0 1.02174e-16
9852.0 1.01627e-16
9854.0 1.06866e-16
9856.0 1.0826e-16
9858.0 1.07988e-16
9860.0 1.08493e-16
9862.0 1.08919e-16
9864.0 1.06966e-16
9866.0 1.06604e-16
9868.0 1.06623e-16
9870.0 1.08945e-16
9872.0 1.06218e-16
9874.0 1.04527e-16
9876.0 9.78142e-17
9878.0 9.95636e-17
9880.0 9.79631e-17
9882.0 9.63446e-17
9884.0 9.7003e-17
9886.0 9.93825e-17
9888.0 9.87888e-17
9890.0 1.00045e-16
9892.0 1.05716e-16
9894.0 1.03168e-16
9896.0 1.08002e-16
9898.0 9.88271e-17
9900.0 1.03645e-16
9902.0 1.02786e-16
9904.0 1.04381e-16
9906.0 1.05947e-16
9908.0 1.04768e-16
9910.0 1.03267e-16
9912.0 1.10273e-16
9914.0 1.04004e-16
9916.0 9.73896e-17
9918.0 9.43766e-17
9920.0 1.03849e-16
9922.0 1.01685e-16
9924.0 9.67445e-17
9926.0 9.84127e-17
9928.0 1.02373e-16
9930.0 1.03949e-16
9932.0 1.04391e-16
9934.0 1.05042e-16
9936.0 9.90808e-17
9938.0 1.07574e-16
9940.0 1.06882e-16
9942.0 1.08281e-16
9944.0 9.94397e-17
9946.0 1.06456e-16
9948.0 1.05097e-16
9950.0 1.05274e-16
9952.0 1.02992e-16
9954.0 1.08975e-16
9956.0 1.0408e-16
9958.0 1.05897e-16
9960.0 1.04041e-16
9962.0 1.12856e-16
9964.0 1.03095e-16
9966.0 1.03973e-16
9968.0 1.07619e-16
9970.0 1.02477e-16
9972.0 1.00417e-16
9974.0 1.08214e-16
9976.0 1.00063e-16
9978.0 1.04601e-16
9980.0 1.05382e-16
9982.0 1.04328e-16
9984.0 1.06803e-16
9986.0 1.04663e-16
9988.0 1.03826e-16
9990.0 1.05594e-16
9992.0 1.04596e-16
9994.0 1.03884e-16
9996.0 9.95259e-17
9998.0 1.04708e-16
10000.0 1.01934e-16
10002.0 1.02908e-16
10004.0 1.0264e-16
10006.0 1.01332e-16
10008.0 1.03188e-16
10010.0 1.07908e-16
10012.0 1.09642e-16
10014.0 1.07206e-16
10016.0 1.00755e-16
10018.0 1.00611e-16
10020.0 1.02797e-16
10022.0 1.1655e-16
10024.0 1.11395e-16
10026.0 1.14729e-16
10028.0 1.09208e-16
10030.0 1.05435e-16
10032.0 1.06105e-16
10034.0 1.05408e-16
10036.0 1.13235e-16
10038.0 1.06565e-16
10040.0 1.06861e-16
10042.0 1.02739e-16
10044.0 1.02664e-16
10046.0 9.81726e-17
10048.0 9.9488e-17
10050.0 1.0358e-16
10052.0 1.04766e-16
10054.0 1.00181e-16
10056.0 1.03831e-16
10058.0 1.04526e-16
10060.0 9.04616e-17
10062.0 9.79416e-17
10064.0 1.06897e-16
10066.0 1.05848e-16
10068.0 1.06543e-16
10070.0 1.08338e-16
10072.0 1.09248e-16
10074.0 1.03055e-16
10076.0 1.01593e-16
10078.0 1.10416e-16
10080.0 1.13976e-16
10082.0 1.10598e-16
10084.0 1.07457e-16
10086.0 1.05891e-16
10088.0 1.04661e-16
10090.0 1.09782e-16
10092.0 1.08947e-16
10094.0 1.08097e-16
10096.0 1.16063e-16
10098.0 1.05421e-16
10100.0 1.17401e-16
10102.0 1.1506e-16
10104.0 1.06104e-16
10106.0 1.05823e-16
10108.0 1.11333e-16
10110.0 1.09691e-16
10112.0 1.07885e-16
10114.0 1.07922e-16
10116.0 1.11307e-16
10118.0 1.10691e-16
10120.0 1.20564e-16
10122.0 1.08231e-16
10124.0 1.10646e-16
10126.0 1.02509e-16
10128.0 1.03791e-16
10130.0 1.05282e-16
10132.0 1.04936e-16
10134.0 1.04479e-16
10136.0 1.07701e-16
10138.0 1.07315e-16
10140.0 1.07211e-16
10142.0 1.12537e-16
10144.0 1.04351e-16
10146.0 1.12232e-16
10148.0 1.1236e-16
10150.0 1.08883e-16
10152.0 1.10618e-16
10154.0 1.01603e-16
10156.0 1.04579e-16
10158.0 1.03606e-16
10160.0 1.03399e-16
10162.0 1.11906e-16
10164.0 1.10235e-16
10166.0 1.06434e-16
10168.0 1.12017e-16
10170.0 1.12735e-16
10172.0 1.04978e-16
10174.0 9.88558e-17
10176.0 1.09667e-16
10178.0 1.12138e-16
10180.0 1.19685e-16
10182.0 1.02091e-16
10184.0 9.78642e-17
10186.0 1.01753e-16
10188.0 1.05377e-16
10190.0 1.10605e-16
10192.0 1.08149e-16
10194.0 1.07317e-16
10196.0 9.98696e-17
10198.0 1.03893e-16
10200.0 1.09715e-16
10202.0 1.1103e-16
10204.0 9.32784e-17
10206.0 1.11578e-16
10208.0 9.97566e-17
10210.0 1.02577e-16
10212.0 1.09855e-16
10214.0 9.86757e-17
10216.0 1.05041e-16
10218.0 1.01093e-16
10220.0 1.06074e-16
